IonEnergy	de_dx_el	de_dx_nuc	range		long_strag	lateral_strag	
0.01000000	0.00491600	0.02197000	0.34035000	0.09163000	0.06919000
0.01100000	0.00515600	0.02155000	0.37330000	0.09941000	0.07497000
0.01200000	0.00538500	0.02114000	0.40655000	0.10715000	0.08074000
0.01300000	0.00560500	0.02074000	0.44011000	0.11485000	0.08651000
0.01400000	0.00581700	0.02036000	0.47396000	0.12252000	0.09228000
0.01500000	0.00602100	0.01999000	0.50811000	0.13016000	0.09806000
0.01600000	0.00621800	0.01963000	0.54254000	0.13777000	0.10384000
0.01700000	0.00641000	0.01929000	0.57724000	0.14534000	0.10963000
0.01800000	0.00659500	0.01896000	0.61221000	0.15288000	0.11543000
0.02000000	0.00695200	0.01833000	0.68289000	0.16796000	0.12707000
0.02250000	0.00737400	0.01761000	0.77256000	0.18666000	0.14169000
0.02500000	0.00777300	0.01695000	0.86352000	0.20510000	0.15637000
0.02750000	0.00815200	0.01635000	0.95563000	0.22328000	0.17110000
0.03000000	0.00851500	0.01579000	1.05000000	0.24121000	0.18588000
0.03250000	0.00886200	0.01528000	1.14000000	0.25888000	0.20069000
0.03500000	0.00919700	0.01480000	1.24000000	0.27628000	0.21552000
0.03750000	0.00977900	0.01436000	1.33000000	0.29327000	0.23035000
0.04000000	0.01049000	0.01395000	1.43000000	0.30962000	0.24512000
0.04500000	0.01174000	0.01321000	1.61000000	0.34086000	0.27428000
0.05000000	0.01280000	0.01255000	1.80000000	0.36997000	0.30272000
0.05500000	0.01367000	0.01197000	1.98000000	0.39743000	0.33040000
0.06000000	0.01438000	0.01145000	2.16000000	0.42356000	0.35736000
0.06500000	0.01497000	0.01098000	2.34000000	0.44863000	0.38365000
0.07000000	0.01544000	0.01055000	2.52000000	0.47283000	0.40937000
0.08000000	0.01616000	0.00979900	2.88000000	0.52024000	0.45942000
0.09000000	0.01669000	0.00916500	3.24000000	0.56534000	0.50791000
0.10000000	0.01712000	0.00862000	3.61000000	0.60859000	0.55516000
0.11000000	0.01749000	0.00814500	3.98000000	0.65022000	0.60138000
0.12000000	0.01786000	0.00772700	4.35000000	0.69037000	0.64666000
0.13000000	0.01823000	0.00735500	4.72000000	0.72907000	0.69108000
0.14000000	0.01863000	0.00702300	5.09000000	0.76635000	0.73463000
0.15000000	0.01904000	0.00672400	5.46000000	0.80222000	0.77732000
0.16000000	0.01948000	0.00645200	5.83000000	0.83669000	0.81911000
0.17000000	0.01994000	0.00620500	6.20000000	0.86977000	0.85999000
0.18000000	0.02043000	0.00597800	6.57000000	0.90147000	0.89992000
0.20000000	0.02148000	0.00557700	7.29000000	0.96322000	0.97689000
0.22500000	0.02289000	0.00515400	8.16000000	1.03000000	1.07000000
0.25000000	0.02440000	0.00479800	9.01000000	1.10000000	1.15000000
0.27500000	0.02598000	0.00449400	9.82000000	1.15000000	1.23000000
0.30000000	0.02760000	0.00423000	10.60000000	1.20000000	1.30000000
0.32500000	0.02925000	0.00399900	11.35000000	1.25000000	1.37000000
0.35000000	0.03090000	0.00379400	12.06000000	1.29000000	1.43000000
0.37500000	0.03254000	0.00361200	12.75000000	1.32000000	1.49000000
0.40000000	0.03417000	0.00344900	13.41000000	1.35000000	1.54000000
0.45000000	0.03737000	0.00316700	14.67000000	1.42000000	1.64000000
0.50000000	0.04047000	0.00293200	15.83000000	1.47000000	1.72000000
0.55000000	0.04349000	0.00273200	16.93000000	1.51000000	1.79000000
0.60000000	0.04645000	0.00256100	17.96000000	1.55000000	1.86000000
0.65000000	0.04937000	0.00241200	18.94000000	1.58000000	1.92000000
0.70000000	0.05224000	0.00228100	19.87000000	1.61000000	1.97000000
0.80000000	0.05790000	0.00206100	21.60000000	1.66000000	2.06000000
0.90000000	0.06339000	0.00188300	23.18000000	1.71000000	2.13000000
1.00000000	0.06869000	0.00173600	24.64000000	1.74000000	2.20000000
1.10000000	0.07378000	0.00161200	26.00000000	1.77000000	2.25000000
1.20000000	0.07864000	0.00150600	27.27000000	1.80000000	2.30000000
1.30000000	0.08327000	0.00141400	28.48000000	1.82000000	2.34000000
1.40000000	0.08766000	0.00133400	29.62000000	1.84000000	2.38000000
1.50000000	0.09183000	0.00126300	30.72000000	1.86000000	2.41000000
1.60000000	0.09578000	0.00120000	31.76000000	1.88000000	2.44000000
1.70000000	0.09952000	0.00114300	32.77000000	1.89000000	2.47000000
1.80000000	0.10310000	0.00109200	33.74000000	1.90000000	2.49000000
2.00000000	0.10960000	0.00100400	35.60000000	1.93000000	2.53000000
2.25000000	0.11680000	0.00091280	37.78000000	1.97000000	2.58000000
2.50000000	0.12320000	0.00083800	39.84000000	2.01000000	2.62000000
2.75000000	0.12880000	0.00077540	41.81000000	2.03000000	2.65000000
3.00000000	0.13370000	0.00072220	43.69000000	2.06000000	2.68000000
3.25000000	0.13810000	0.00067630	45.52000000	2.08000000	2.71000000
3.50000000	0.14190000	0.00063630	47.30000000	2.11000000	2.74000000
3.75000000	0.14540000	0.00060110	49.02000000	2.13000000	2.76000000
4.00000000	0.14840000	0.00056980	50.72000000	2.14000000	2.78000000
4.50000000	0.15360000	0.00051680	54.01000000	2.20000000	2.82000000
5.00000000	0.15780000	0.00047340	57.21000000	2.26000000	2.85000000
5.50000000	0.16110000	0.00043710	60.33000000	2.31000000	2.88000000
6.00000000	0.16380000	0.00040640	63.40000000	2.36000000	2.91000000
6.50000000	0.16590000	0.00037990	66.42000000	2.40000000	2.93000000
7.00000000	0.16760000	0.00035690	69.41000000	2.44000000	2.96000000
8.00000000	0.16990000	0.00031880	75.32000000	2.59000000	3.00000000
9.00000000	0.17120000	0.00028850	81.17000000	2.73000000	3.04000000
10.00000000	0.17180000	0.00026380	86.99000000	2.86000000	3.07000000
11.00000000	0.17170000	0.00024320	92.80000000	2.98000000	3.11000000
12.00000000	0.17120000	0.00022580	98.62000000	3.10000000	3.14000000
13.00000000	0.17040000	0.00021080	104.46000000	3.21000000	3.17000000
14.00000000	0.16930000	0.00019780	110.34000000	3.32000000	3.20000000
15.00000000	0.16800000	0.00018640	116.26000000	3.43000000	3.22000000
16.00000000	0.16660000	0.00017630	122.23000000	3.54000000	3.25000000
17.00000000	0.16500000	0.00016740	128.26000000	3.64000000	3.28000000
18.00000000	0.16330000	0.00015930	134.34000000	3.75000000	3.31000000
20.00000000	0.15980000	0.00014540	146.71000000	4.14000000	3.36000000
22.50000000	0.15520000	0.00013130	162.57000000	4.72000000	3.42000000
25.00000000	0.15060000	0.00011980	178.91000000	5.27000000	3.49000000
27.50000000	0.14600000	0.00011030	195.76000000	5.79000000	3.55000000
30.00000000	0.14160000	0.00010220	213.13000000	6.29000000	3.62000000
32.50000000	0.13730000	0.00009531	231.05000000	6.79000000	3.69000000
35.00000000	0.13320000	0.00008932	249.52000000	7.29000000	3.76000000
37.50000000	0.12990000	0.00008408	268.52000000	7.77000000	3.83000000
40.00000000	0.12650000	0.00007946	288.01000000	8.25000000	3.90000000
45.00000000	0.11920000	0.00007165	328.72000000	10.08000000	4.06000000
50.00000000	0.11320000	0.00006530	371.75000000	11.78000000	4.22000000
55.00000000	0.10780000	0.00006004	416.99000000	13.42000000	4.39000000
60.00000000	0.10300000	0.00005560	464.42000000	15.02000000	4.57000000
65.00000000	0.09852000	0.00005180	514.06000000	16.59000000	4.76000000
70.00000000	0.09446000	0.00004851	565.87000000	18.15000000	4.96000000
80.00000000	0.08733000	0.00004309	675.96000000	23.93000000	5.40000000
90.00000000	0.08124000	0.00003881	794.68000000	29.26000000	5.87000000
100.00000000	0.07598000	0.00003534	921.95000000	34.37000000	6.39000000
110.00000000	0.07136000	0.00003246	1060.00000000	39.39000000	6.95000000
120.00000000	0.06728000	0.00003004	1200.00000000	44.39000000	7.55000000
130.00000000	0.06362000	0.00002797	1350.00000000	49.40000000	8.19000000
140.00000000	0.06033000	0.00002617	1520.00000000	54.44000000	8.86000000
150.00000000	0.05734000	0.00002461	1690.00000000	59.54000000	9.58000000