Ecm (MeV) cross (mb)
0.0018	8.00E-39
0.1	8.04E-39
0.101	1.40E-38
0.102	2.41E-38
0.103	4.13E-38
0.104	7.02E-38
0.105	1.18E-37
0.106	1.98E-37
0.107	3.29E-37
0.108	5.43E-37
0.109	8.90E-37
0.11	1.45E-36
0.111	2.34E-36
0.112	3.76E-36
0.113	6.00E-36
0.114	9.53E-36
0.115	1.50E-35
0.116	2.35E-35
0.117	3.67E-35
0.118	5.69E-35
0.119	8.76E-35
0.12	1.34E-34
0.121	2.05E-34
0.122	3.11E-34
0.123	4.69E-34
0.124	7.04E-34
0.125	1.05E-33
0.126	1.56E-33
0.127	2.31E-33
0.128	3.41E-33
0.129	5.00E-33
0.13	7.30E-33
0.131	1.06E-32
0.132	1.54E-32
0.133	2.21E-32
0.134	3.18E-32
0.135	4.55E-32
0.136	6.48E-32
0.137	9.19E-32
0.138	1.30E-31
0.139	1.83E-31
0.14	2.57E-31
0.141	3.59E-31
0.142	4.99E-31
0.143	6.93E-31
0.144	9.59E-31
0.145	1.32E-30
0.146	1.82E-30
0.147	2.49E-30
0.148	3.40E-30
0.149	4.62E-30
0.15	6.28E-30
0.151	8.49E-30
0.152	1.14E-29
0.153	1.54E-29
0.154	2.06E-29
0.155	2.76E-29
0.156	3.68E-29
0.157	4.89E-29
0.158	6.49E-29
0.159	8.58E-29
0.16	1.13E-28
0.161	1.49E-28
0.162	1.96E-28
0.163	2.56E-28
0.164	3.34E-28
0.165	4.35E-28
0.166	5.66E-28
0.167	7.34E-28
0.168	9.49E-28
0.169	1.23E-27
0.17	1.58E-27
0.171	2.03E-27
0.172	2.60E-27
0.173	3.32E-27
0.174	4.24E-27
0.175	5.41E-27
0.176	6.87E-27
0.177	8.72E-27
0.178	1.10E-26
0.179	1.40E-26
0.18	1.76E-26
0.181	2.22E-26
0.182	2.78E-26
0.183	3.49E-26
0.184	4.37E-26
0.185	5.46E-26
0.186	6.81E-26
0.187	8.48E-26
0.188	1.05E-25
0.189	1.31E-25
0.19	1.62E-25
0.191	2.00E-25
0.192	2.47E-25
0.193	3.05E-25
0.194	3.75E-25
0.195	4.61E-25
0.196	5.66E-25
0.197	6.93E-25
0.198	8.48E-25
0.199	1.04E-24
0.2	1.26E-24
0.201	1.54E-24
0.202	1.87E-24
0.203	2.27E-24
0.204	2.75E-24
0.205	3.33E-24
0.206	4.03E-24
0.207	4.86E-24
0.208	5.86E-24
0.209	7.06E-24
0.21	8.48E-24
0.211	1.02E-23
0.212	1.22E-23
0.213	1.46E-23
0.214	1.75E-23
0.215	2.09E-23
0.216	2.50E-23
0.217	2.98E-23
0.218	3.54E-23
0.219	4.22E-23
0.22	5.01E-23
0.221	5.94E-23
0.222	7.04E-23
0.223	8.33E-23
0.224	9.85E-23
0.225	1.16E-22
0.226	1.37E-22
0.227	1.62E-22
0.228	1.91E-22
0.229	2.24E-22
0.23	2.63E-22
0.231	3.09E-22
0.232	3.62E-22
0.233	4.24E-22
0.234	4.97E-22
0.235	5.80E-22
0.236	6.78E-22
0.237	7.91E-22
0.238	9.22E-22
0.239	1.07E-21
0.24	1.25E-21
0.241	1.45E-21
0.242	1.69E-21
0.243	1.96E-21
0.244	2.27E-21
0.245	2.63E-21
0.246	3.04E-21
0.247	3.51E-21
0.248	4.06E-21
0.249	4.68E-21
0.25	5.40E-21
0.251	6.22E-21
0.252	7.17E-21
0.253	8.24E-21
0.254	9.48E-21
0.255	1.09E-20
0.256	1.25E-20
0.257	1.43E-20
0.258	1.64E-20
0.259	1.88E-20
0.26	2.15E-20
0.261	2.46E-20
0.262	2.81E-20
0.263	3.21E-20
0.264	3.66E-20
0.265	4.17E-20
0.266	4.75E-20
0.267	5.41E-20
0.268	6.15E-20
0.269	6.99E-20
0.27	7.94E-20
0.271	9.02E-20
0.272	1.02E-19
0.273	1.16E-19
0.274	1.31E-19
0.275	1.49E-19
0.276	1.68E-19
0.277	1.90E-19
0.278	2.15E-19
0.279	2.43E-19
0.28	2.74E-19
0.281	3.10E-19
0.282	3.49E-19
0.283	3.93E-19
0.284	4.43E-19
0.285	4.98E-19
0.286	5.61E-19
0.287	6.30E-19
0.288	7.08E-19
0.289	7.95E-19
0.29	8.92E-19
0.291	1.00E-18
0.292	1.12E-18
0.293	1.26E-18
0.294	1.41E-18
0.295	1.58E-18
0.296	1.76E-18
0.297	1.97E-18
0.298	2.20E-18
0.299	2.46E-18
0.3	2.75E-18
0.301	3.07E-18
0.302	3.42E-18
0.303	3.82E-18
0.304	4.25E-18
0.305	4.74E-18
0.306	5.28E-18
0.307	5.87E-18
0.308	6.54E-18
0.309	7.27E-18
0.31	8.08E-18
0.311	8.98E-18
0.312	9.97E-18
0.313	1.11E-17
0.314	1.23E-17
0.315	1.36E-17
0.316	1.51E-17
0.317	1.68E-17
0.318	1.86E-17
0.319	2.06E-17
0.32	2.28E-17
0.321	2.53E-17
0.322	2.80E-17
0.323	3.09E-17
0.324	3.42E-17
0.325	3.79E-17
0.326	4.19E-17
0.327	4.63E-17
0.328	5.12E-17
0.329	5.66E-17
0.33	6.25E-17
0.331	6.90E-17
0.332	7.63E-17
0.333	8.42E-17
0.334	9.30E-17
0.335	1.03E-16
0.336	1.13E-16
0.337	1.25E-16
0.338	1.38E-16
0.339	1.53E-16
0.34	1.69E-16
0.341	1.86E-16
0.342	2.06E-16
0.343	2.27E-16
0.344	2.51E-16
0.345	2.78E-16
0.346	3.07E-16
0.347	3.40E-16
0.348	3.76E-16
0.349	4.17E-16
0.35	4.62E-16
0.351	5.12E-16
0.352	5.68E-16
0.353	6.31E-16
0.354	7.01E-16
0.355	7.80E-16
0.356	8.69E-16
0.357	9.69E-16
0.358	1.08E-15
0.359	1.21E-15
0.36	1.36E-15
0.361	1.52E-15
0.362	1.71E-15
0.363	1.92E-15
0.364	2.16E-15
0.365	2.43E-15
0.366	2.74E-15
0.367	3.10E-15
0.368	3.49E-15
0.369	3.94E-15
0.37	4.43E-15
0.371	4.98E-15
0.372	5.57E-15
0.373	6.20E-15
0.374	6.87E-15
0.375	7.56E-15
0.376	8.25E-15
0.377	8.94E-15
0.378	9.61E-15
0.379	1.02E-14
0.38	1.09E-14
0.381	1.14E-14
0.382	1.20E-14
0.383	1.25E-14
0.384	1.30E-14
0.385	1.34E-14
0.386	1.39E-14
0.387	1.44E-14
0.388	1.50E-14
0.389	1.56E-14
0.39	1.62E-14
0.391	1.68E-14
0.392	1.75E-14
0.393	1.83E-14
0.394	1.92E-14
0.395	2.01E-14
0.396	2.11E-14
0.397	2.22E-14
0.398	2.34E-14
0.399	2.47E-14
0.4	2.61E-14
0.401	2.76E-14
0.402	2.92E-14
0.403	3.10E-14
0.404	3.29E-14
0.405	3.49E-14
0.406	3.72E-14
0.407	3.96E-14
0.408	4.22E-14
0.409	4.50E-14
0.41	4.80E-14
0.411	5.13E-14
0.412	5.48E-14
0.413	5.87E-14
0.414	6.28E-14
0.415	6.73E-14
0.416	7.22E-14
0.417	7.75E-14
0.418	8.32E-14
0.419	8.95E-14
0.42	9.64E-14
0.421	1.04E-13
0.422	1.12E-13
0.423	1.21E-13
0.424	1.31E-13
0.425	1.41E-13
0.426	1.53E-13
0.427	1.65E-13
0.428	1.79E-13
0.429	1.93E-13
0.43	2.07E-13
0.431	2.22E-13
0.432	2.38E-13
0.433	2.54E-13
0.434	2.69E-13
0.435	2.85E-13
0.436	3.02E-13
0.437	3.19E-13
0.438	3.36E-13
0.439	3.55E-13
0.44	3.75E-13
0.441	3.96E-13
0.442	4.19E-13
0.443	4.43E-13
0.444	4.70E-13
0.445	4.99E-13
0.446	5.29E-13
0.447	5.63E-13
0.448	5.98E-13
0.449	6.37E-13
0.45	6.78E-13
0.451	7.23E-13
0.452	7.71E-13
0.453	8.22E-13
0.454	8.78E-13
0.455	9.37E-13
0.456	1.00E-12
0.457	1.07E-12
0.458	1.14E-12
0.459	1.22E-12
0.46	1.31E-12
0.461	1.40E-12
0.462	1.50E-12
0.463	1.61E-12
0.464	1.72E-12
0.465	1.85E-12
0.466	1.98E-12
0.467	2.13E-12
0.468	2.28E-12
0.469	2.45E-12
0.47	2.64E-12
0.471	2.84E-12
0.472	3.05E-12
0.473	3.29E-12
0.474	3.54E-12
0.475	3.82E-12
0.476	4.12E-12
0.477	4.45E-12
0.478	4.82E-12
0.479	5.21E-12
0.48	5.65E-12
0.481	6.12E-12
0.482	6.65E-12
0.483	7.23E-12
0.484	7.87E-12
0.485	8.58E-12
0.486	9.38E-12
0.487	1.03E-11
0.488	1.12E-11
0.489	1.23E-11
0.49	1.36E-11
0.491	1.50E-11
0.492	1.66E-11
0.493	1.84E-11
0.494	2.05E-11
0.495	2.28E-11
0.496	2.56E-11
0.497	2.87E-11
0.498	3.24E-11
0.499	3.67E-11
0.5	4.18E-11
0.501	4.78E-11
0.502	5.49E-11
0.503	6.34E-11
0.504	7.36E-11
0.505	8.58E-11
0.506	1.00E-10
0.507	1.18E-10
0.508	1.39E-10
0.509	1.63E-10
0.51	1.91E-10
0.511	2.22E-10
0.512	2.54E-10
0.513	2.86E-10
0.514	3.13E-10
0.515	3.33E-10
0.516	3.44E-10
0.517	3.44E-10
0.518	3.36E-10
0.519	3.23E-10
0.52	3.06E-10
0.521	2.88E-10
0.522	2.70E-10
0.523	2.53E-10
0.524	2.38E-10
0.525	2.25E-10
0.526	2.14E-10
0.527	2.04E-10
0.528	1.96E-10
0.529	1.90E-10
0.53	1.85E-10
0.531	1.81E-10
0.532	1.78E-10
0.533	1.76E-10
0.534	1.75E-10
0.535	1.75E-10
0.536	1.76E-10
0.537	1.77E-10
0.538	1.79E-10
0.539	1.82E-10
0.54	1.85E-10
0.541	1.89E-10
0.542	1.94E-10
0.543	1.99E-10
0.544	2.05E-10
0.545	2.12E-10
0.546	2.19E-10
0.547	2.27E-10
0.548	2.36E-10
0.549	2.45E-10
0.55	2.55E-10
0.551	2.66E-10
0.552	2.78E-10
0.553	2.91E-10
0.554	3.05E-10
0.555	3.20E-10
0.556	3.36E-10
0.557	3.54E-10
0.558	3.72E-10
0.559	3.92E-10
0.56	4.13E-10
0.561	4.36E-10
0.562	4.60E-10
0.563	4.86E-10
0.564	5.14E-10
0.565	5.44E-10
0.566	5.76E-10
0.567	6.10E-10
0.568	6.46E-10
0.569	6.85E-10
0.57	7.26E-10
0.571	7.71E-10
0.572	8.18E-10
0.573	8.68E-10
0.574	9.22E-10
0.575	9.79E-10
0.576	1.04E-09
0.577	1.11E-09
0.578	1.17E-09
0.579	1.25E-09
0.58	1.32E-09
0.581	1.41E-09
0.582	1.49E-09
0.583	1.59E-09
0.584	1.68E-09
0.585	1.79E-09
0.586	1.90E-09
0.587	2.01E-09
0.588	2.13E-09
0.589	2.26E-09
0.59	2.39E-09
0.591	2.53E-09
0.592	2.67E-09
0.593	2.82E-09
0.594	2.98E-09
0.595	3.14E-09
0.596	3.31E-09
0.597	3.49E-09
0.598	3.67E-09
0.599	3.86E-09
0.6	4.06E-09
0.601	4.26E-09
0.602	4.48E-09
0.603	4.70E-09
0.604	4.93E-09
0.605	5.18E-09
0.606	5.43E-09
0.607	5.70E-09
0.608	5.99E-09
0.609	6.29E-09
0.61	6.62E-09
0.611	6.96E-09
0.612	7.34E-09
0.613	7.74E-09
0.614	8.18E-09
0.615	8.66E-09
0.616	9.18E-09
0.617	9.76E-09
0.618	1.04E-08
0.619	1.11E-08
0.62	1.19E-08
0.621	1.28E-08
0.622	1.38E-08
0.623	1.49E-08
0.624	1.62E-08
0.625	1.76E-08
0.626	1.92E-08
0.627	2.11E-08
0.628	2.31E-08
0.629	2.55E-08
0.63	2.82E-08
0.631	3.13E-08
0.632	3.47E-08
0.633	3.85E-08
0.634	4.27E-08
0.635	4.73E-08
0.636	5.22E-08
0.637	5.73E-08
0.638	6.25E-08
0.639	6.74E-08
0.64	7.20E-08
0.641	7.58E-08
0.642	7.87E-08
0.643	8.06E-08
0.644	8.14E-08
0.645	8.11E-08
0.646	7.99E-08
0.647	7.80E-08
0.648	7.55E-08
0.649	7.27E-08
0.65	6.97E-08
0.651	6.66E-08
0.652	6.36E-08
0.653	6.07E-08
0.654	5.80E-08
0.655	5.55E-08
0.656	5.31E-08
0.657	5.10E-08
0.658	4.90E-08
0.659	4.73E-08
0.66	4.57E-08
0.661	4.42E-08
0.662	4.29E-08
0.663	4.17E-08
0.664	4.07E-08
0.665	3.98E-08
0.666	3.90E-08
0.667	3.82E-08
0.668	3.76E-08
0.669	3.71E-08
0.67	3.66E-08
0.671	3.62E-08
0.672	3.58E-08
0.673	3.56E-08
0.674	3.53E-08
0.675	3.52E-08
0.676	3.51E-08
0.677	3.50E-08
0.678	3.50E-08
0.679	3.50E-08
0.68	3.51E-08
0.681	3.52E-08
0.682	3.54E-08
0.683	3.56E-08
0.684	3.58E-08
0.685	3.61E-08
0.686	3.64E-08
0.687	3.67E-08
0.688	3.71E-08
0.689	3.75E-08
0.69	3.79E-08
0.691	3.84E-08
0.692	3.90E-08
0.693	3.95E-08
0.694	4.01E-08
0.695	4.07E-08
0.696	4.14E-08
0.697	4.21E-08
0.698	4.29E-08
0.699	4.37E-08
0.7	4.45E-08
0.701	4.54E-08
0.702	4.63E-08
0.703	4.73E-08
0.704	4.83E-08
0.705	4.93E-08
0.706	5.04E-08
0.707	5.16E-08
0.708	5.28E-08
0.709	5.41E-08
0.71	5.54E-08
0.711	5.68E-08
0.712	5.82E-08
0.713	5.97E-08
0.714	6.13E-08
0.715	6.29E-08
0.716	6.46E-08
0.717	6.64E-08
0.718	6.83E-08
0.719	7.02E-08
0.72	7.23E-08
0.721	7.44E-08
0.722	7.66E-08
0.723	7.89E-08
0.724	8.13E-08
0.725	8.38E-08
0.726	8.65E-08
0.727	8.92E-08
0.728	9.21E-08
0.729	9.51E-08
0.73	9.83E-08
0.731	1.02E-07
0.732	1.05E-07
0.733	1.09E-07
0.734	1.12E-07
0.735	1.16E-07
0.736	1.20E-07
0.737	1.25E-07
0.738	1.29E-07
0.739	1.34E-07
0.74	1.39E-07
0.741	1.44E-07
0.742	1.50E-07
0.743	1.56E-07
0.744	1.62E-07
0.745	1.68E-07
0.746	1.75E-07
0.747	1.82E-07
0.748	1.90E-07
0.749	1.98E-07
0.75	2.06E-07
0.751	2.15E-07
0.752	2.24E-07
0.753	2.34E-07
0.754	2.44E-07
0.755	2.55E-07
0.756	2.67E-07
0.757	2.79E-07
0.758	2.92E-07
0.759	3.06E-07
0.76	3.20E-07
0.761	3.36E-07
0.762	3.52E-07
0.763	3.69E-07
0.764	3.87E-07
0.765	4.06E-07
0.766	4.26E-07
0.767	4.47E-07
0.768	4.70E-07
0.769	4.93E-07
0.77	5.18E-07
0.771	5.44E-07
0.772	5.71E-07
0.773	6.00E-07
0.774	6.30E-07
0.775	6.61E-07
0.776	6.93E-07
0.777	7.26E-07
0.778	7.60E-07
0.779	7.95E-07
0.78	8.31E-07
0.781	8.67E-07
0.782	9.03E-07
0.783	9.40E-07
0.784	9.77E-07
0.785	1.01E-06
0.786	1.05E-06
0.787	1.08E-06
0.788	1.12E-06
0.789	1.15E-06
0.79	1.18E-06
0.791	1.21E-06
0.792	1.24E-06
0.793	1.26E-06
0.794	1.29E-06
0.795	1.31E-06
0.796	1.33E-06
0.797	1.35E-06
0.798	1.36E-06
0.799	1.38E-06
0.8	1.39E-06
0.801	1.41E-06
0.802	1.42E-06
0.803	1.43E-06
0.804	1.44E-06
0.805	1.45E-06
0.806	1.46E-06
0.807	1.47E-06
0.808	1.48E-06
0.809	1.49E-06
0.81	1.50E-06
0.811	1.51E-06
0.812	1.52E-06
0.813	1.53E-06
0.814	1.55E-06
0.815	1.56E-06
0.816	1.58E-06
0.817	1.59E-06
0.818	1.61E-06
0.819	1.63E-06
0.82	1.65E-06
0.821	1.67E-06
0.822	1.69E-06
0.823	1.71E-06
0.824	1.74E-06
0.825	1.77E-06
0.826	1.80E-06
0.827	1.83E-06
0.828	1.86E-06
0.829	1.89E-06
0.83	1.93E-06
0.831	1.96E-06
0.832	2.00E-06
0.833	2.04E-06
0.834	2.09E-06
0.835	2.13E-06
0.836	2.18E-06
0.837	2.23E-06
0.838	2.28E-06
0.839	2.33E-06
0.84	2.39E-06
0.841	2.45E-06
0.842	2.51E-06
0.843	2.57E-06
0.844	2.64E-06
0.845	2.71E-06
0.846	2.78E-06
0.847	2.85E-06
0.848	2.93E-06
0.849	3.01E-06
0.85	3.10E-06
0.851	3.18E-06
0.852	3.27E-06
0.853	3.37E-06
0.854	3.47E-06
0.855	3.57E-06
0.856	3.68E-06
0.857	3.79E-06
0.858	3.90E-06
0.859	4.02E-06
0.86	4.14E-06
0.861	4.27E-06
0.862	4.41E-06
0.863	4.55E-06
0.864	4.69E-06
0.865	4.84E-06
0.866	4.99E-06
0.867	5.16E-06
0.868	5.32E-06
0.869	5.50E-06
0.87	5.68E-06
0.871	5.86E-06
0.872	6.06E-06
0.873	6.26E-06
0.874	6.47E-06
0.875	6.68E-06
0.876	6.91E-06
0.877	7.14E-06
0.878	7.38E-06
0.879	7.63E-06
0.88	7.89E-06
0.881	8.16E-06
0.882	8.44E-06
0.883	8.73E-06
0.884	9.03E-06
0.885	9.34E-06
0.886	9.66E-06
0.887	9.99E-06
0.888	1.03E-05
0.889	1.07E-05
0.89	1.11E-05
0.891	1.14E-05
0.892	1.18E-05
0.893	1.22E-05
0.894	1.26E-05
0.895	1.31E-05
0.896	1.35E-05
0.897	1.40E-05
0.898	1.45E-05
0.899	1.49E-05
0.9	1.54E-05
0.901	1.60E-05
0.902	1.65E-05
0.903	1.70E-05
0.904	1.76E-05
0.905	1.82E-05
0.906	1.88E-05
0.907	1.94E-05
0.908	2.00E-05
0.909	2.06E-05
0.91	2.13E-05
0.911	2.20E-05
0.912	2.26E-05
0.913	2.33E-05
0.914	2.40E-05
0.915	2.48E-05
0.916	2.55E-05
0.917	2.62E-05
0.918	2.70E-05
0.919	2.78E-05
0.92	2.85E-05
0.921	2.93E-05
0.922	3.01E-05
0.923	3.09E-05
0.924	3.17E-05
0.925	3.25E-05
0.926	3.33E-05
0.927	3.42E-05
0.928	3.50E-05
0.929	3.58E-05
0.93	3.66E-05
0.931	3.74E-05
0.932	3.82E-05
0.933	3.90E-05
0.934	3.99E-05
0.935	4.06E-05
0.936	4.14E-05
0.937	4.22E-05
0.938	4.30E-05
0.939	4.37E-05
0.94	4.45E-05
0.941	4.52E-05
0.942	4.59E-05
0.943	4.66E-05
0.944	4.73E-05
0.945	4.80E-05
0.946	4.86E-05
0.947	4.93E-05
0.948	4.99E-05
0.949	5.05E-05
0.95	5.11E-05
0.951	5.16E-05
0.952	5.22E-05
0.953	5.27E-05
0.954	5.32E-05
0.955	5.37E-05
0.956	5.42E-05
0.957	5.46E-05
0.958	5.51E-05
0.959	5.55E-05
0.96	5.59E-05
0.961	5.63E-05
0.962	5.67E-05
0.963	5.70E-05
0.964	5.74E-05
0.965	5.77E-05
0.966	5.80E-05
0.967	5.83E-05
0.968	5.86E-05
0.969	5.89E-05
0.97	5.91E-05
0.971	5.94E-05
0.972	5.96E-05
0.973	5.99E-05
0.974	6.01E-05
0.975	6.03E-05
0.976	6.06E-05
0.977	6.08E-05
0.978	6.10E-05
0.979	6.12E-05
0.98	6.14E-05
0.981	6.16E-05
0.982	6.18E-05
0.983	6.20E-05
0.984	6.22E-05
0.985	6.24E-05
0.986	6.26E-05
0.987	6.28E-05
0.988	6.30E-05
0.989	6.32E-05
0.99	6.34E-05
0.991	6.36E-05
0.992	6.39E-05
0.993	6.41E-05
0.994	6.43E-05
0.995	6.46E-05
0.996	6.48E-05
0.997	6.51E-05
0.998	6.54E-05
0.999	6.57E-05
1	6.60E-05
1.001	6.63E-05
1.002	6.66E-05
1.003	6.70E-05
1.004	6.74E-05
1.005	6.78E-05
1.006	6.83E-05
1.007	6.88E-05
1.008	6.93E-05
1.009	6.98E-05
1.01	7.03E-05
1.011	7.09E-05
1.012	7.14E-05
1.013	7.19E-05
1.014	7.24E-05
1.015	7.28E-05
1.016	7.31E-05
1.017	7.34E-05
1.018	7.37E-05
1.019	7.39E-05
1.02	7.40E-05
1.021	7.42E-05
1.022	7.43E-05
1.023	7.45E-05
1.024	7.47E-05
1.025	7.49E-05
1.026	7.51E-05
1.027	7.54E-05
1.028	7.57E-05
1.029	7.60E-05
1.03	7.63E-05
1.031	7.67E-05
1.032	7.71E-05
1.033	7.75E-05
1.034	7.79E-05
1.035	7.83E-05
1.036	7.88E-05
1.037	7.93E-05
1.038	7.98E-05
1.039	8.03E-05
1.04	8.08E-05
1.041	8.14E-05
1.042	8.20E-05
1.043	8.25E-05
1.044	8.31E-05
1.045	8.38E-05
1.046	8.44E-05
1.047	8.50E-05
1.048	8.57E-05
1.049	8.64E-05
1.05	8.71E-05
1.051	8.78E-05
1.052	8.86E-05
1.053	8.93E-05
1.054	9.01E-05
1.055	9.09E-05
1.056	9.17E-05
1.057	9.25E-05
1.058	9.33E-05
1.059	9.42E-05
1.06	9.51E-05
1.061	9.60E-05
1.062	9.69E-05
1.063	9.78E-05
1.064	9.88E-05
1.065	9.98E-05
1.066	1.01E-04
1.067	1.02E-04
1.068	1.03E-04
1.069	1.04E-04
1.07	1.05E-04
1.071	1.06E-04
1.072	1.07E-04
1.073	1.08E-04
1.074	1.10E-04
1.075	1.11E-04
1.076	1.12E-04
1.077	1.13E-04
1.078	1.15E-04
1.079	1.16E-04
1.08	1.17E-04
1.081	1.19E-04
1.082	1.20E-04
1.083	1.21E-04
1.084	1.23E-04
1.085	1.24E-04
1.086	1.26E-04
1.087	1.27E-04
1.088	1.29E-04
1.089	1.31E-04
1.09	1.32E-04
1.091	1.34E-04
1.092	1.36E-04
1.093	1.37E-04
1.094	1.39E-04
1.095	1.41E-04
1.096	1.43E-04
1.097	1.45E-04
1.098	1.47E-04
1.099	1.49E-04
1.1	1.51E-04
1.101	1.53E-04
1.102	1.55E-04
1.103	1.58E-04
1.104	1.60E-04
1.105	1.62E-04
1.106	1.65E-04
1.107	1.67E-04
1.108	1.70E-04
1.109	1.72E-04
1.11	1.75E-04
1.111	1.78E-04
1.112	1.80E-04
1.113	1.83E-04
1.114	1.86E-04
1.115	1.89E-04
1.116	1.92E-04
1.117	1.96E-04
1.118	1.99E-04
1.119	2.03E-04
1.12	2.06E-04
1.121	2.10E-04
1.122	2.14E-04
1.123	2.18E-04
1.124	2.22E-04
1.125	2.26E-04
1.126	2.30E-04
1.127	2.35E-04
1.128	2.39E-04
1.129	2.44E-04
1.13	2.49E-04
1.131	2.55E-04
1.132	2.60E-04
1.133	2.66E-04
1.134	2.72E-04
1.135	2.79E-04
1.136	2.85E-04
1.137	2.92E-04
1.138	3.00E-04
1.139	3.08E-04
1.14	3.16E-04
1.141	3.25E-04
1.142	3.34E-04
1.143	3.44E-04
1.144	3.54E-04
1.145	3.66E-04
1.146	3.78E-04
1.147	3.91E-04
1.148	4.05E-04
1.149	4.20E-04
1.15	4.36E-04
1.151	4.53E-04
1.152	4.73E-04
1.153	4.94E-04
1.154	5.16E-04
1.155	5.41E-04
1.156	5.69E-04
1.157	5.99E-04
1.158	6.33E-04
1.159	6.70E-04
1.16	7.11E-04
1.161	7.57E-04
1.162	8.07E-04
1.163	8.64E-04
1.164	9.26E-04
1.165	9.95E-04
1.166	1.07E-03
1.167	1.15E-03
1.168	1.24E-03
1.169	1.33E-03
1.17	1.43E-03
1.171	1.53E-03
1.172	1.62E-03
1.173	1.71E-03
1.174	1.78E-03
1.175	1.84E-03
1.176	1.87E-03
1.177	1.89E-03
1.178	1.88E-03
1.179	1.85E-03
1.18	1.80E-03
1.181	1.74E-03
1.182	1.68E-03
1.183	1.61E-03
1.184	1.53E-03
1.185	1.47E-03
1.186	1.40E-03
1.187	1.34E-03
1.188	1.28E-03
1.189	1.23E-03
1.19	1.18E-03
1.191	1.14E-03
1.192	1.10E-03
1.193	1.07E-03
1.194	1.04E-03
1.195	1.02E-03
1.196	9.94E-04
1.197	9.74E-04
1.198	9.57E-04
1.199	9.42E-04
1.2	9.30E-04
1.201	9.19E-04
1.202	9.11E-04
1.203	9.03E-04
1.204	8.97E-04
1.205	8.93E-04
1.206	8.90E-04
1.207	8.88E-04
1.208	8.87E-04
1.209	8.86E-04
1.21	8.87E-04
1.211	8.89E-04
1.212	8.91E-04
1.213	8.94E-04
1.214	8.98E-04
1.215	9.03E-04
1.216	9.08E-04
1.217	9.13E-04
1.218	9.20E-04
1.219	9.26E-04
1.22	9.34E-04
1.221	9.41E-04
1.222	9.50E-04
1.223	9.58E-04
1.224	9.67E-04
1.225	9.77E-04
1.226	9.87E-04
1.227	9.98E-04
1.228	1.01E-03
1.229	1.02E-03
1.23	1.03E-03
1.231	1.04E-03
1.232	1.06E-03
1.233	1.07E-03
1.234	1.08E-03
1.235	1.10E-03
1.236	1.11E-03
1.237	1.12E-03
1.238	1.14E-03
1.239	1.15E-03
1.24	1.17E-03
1.241	1.19E-03
1.242	1.20E-03
1.243	1.22E-03
1.244	1.24E-03
1.245	1.25E-03
1.246	1.27E-03
1.247	1.29E-03
1.248	1.31E-03
1.249	1.33E-03
1.25	1.35E-03
1.251	1.37E-03
1.252	1.39E-03
1.253	1.41E-03
1.254	1.43E-03
1.255	1.45E-03
1.256	1.48E-03
1.257	1.50E-03
1.258	1.52E-03
1.259	1.55E-03
1.26	1.57E-03
1.261	1.60E-03
1.262	1.62E-03
1.263	1.65E-03
1.264	1.68E-03
1.265	1.70E-03
1.266	1.73E-03
1.267	1.76E-03
1.268	1.79E-03
1.269	1.82E-03
1.27	1.85E-03
1.271	1.88E-03
1.272	1.91E-03
1.273	1.94E-03
1.274	1.98E-03
1.275	2.01E-03
1.276	2.04E-03
1.277	2.08E-03
1.278	2.12E-03
1.279	2.15E-03
1.28	2.19E-03
1.281	2.23E-03
1.282	2.27E-03
1.283	2.31E-03
1.284	2.35E-03
1.285	2.39E-03
1.286	2.43E-03
1.287	2.48E-03
1.288	2.52E-03
1.289	2.57E-03
1.29	2.61E-03
1.291	2.66E-03
1.292	2.71E-03
1.293	2.76E-03
1.294	2.81E-03
1.295	2.87E-03
1.296	2.92E-03
1.297	2.98E-03
1.298	3.03E-03
1.299	3.09E-03
1.3	3.15E-03
1.301	3.21E-03
1.302	3.28E-03
1.303	3.34E-03
1.304	3.41E-03
1.305	3.48E-03
1.306	3.55E-03
1.307	3.62E-03
1.308	3.70E-03
1.309	3.77E-03
1.31	3.85E-03
1.311	3.94E-03
1.312	4.02E-03
1.313	4.11E-03
1.314	4.20E-03
1.315	4.30E-03
1.316	4.40E-03
1.317	4.50E-03
1.318	4.61E-03
1.319	4.72E-03
1.32	4.84E-03
1.321	4.97E-03
1.322	5.10E-03
1.323	5.25E-03
1.324	5.40E-03
1.325	5.57E-03
1.326	5.75E-03
1.327	5.95E-03
1.328	6.18E-03
1.329	6.44E-03
1.33	6.74E-03
1.331	7.10E-03
1.332	7.55E-03
1.333	8.11E-03
1.334	8.84E-03
1.335	9.84E-03
1.336	1.12E-02
1.337	1.32E-02
1.338	1.58E-02
1.339	1.85E-02
1.34	2.00E-02
1.341	1.91E-02
1.342	1.69E-02
1.343	1.47E-02
1.344	1.31E-02
1.345	1.21E-02
1.346	1.15E-02
1.347	1.11E-02
1.348	1.09E-02
1.349	1.08E-02
1.35	1.08E-02
1.351	1.09E-02
1.352	1.11E-02
1.353	1.13E-02
1.354	1.15E-02
1.355	1.18E-02
1.356	1.21E-02
1.357	1.25E-02
1.358	1.28E-02
1.359	1.32E-02
1.36	1.37E-02
1.361	1.41E-02
1.362	1.46E-02
1.363	1.52E-02
1.364	1.58E-02
1.365	1.64E-02
1.366	1.71E-02
1.367	1.78E-02
1.368	1.86E-02
1.369	1.94E-02
1.37	2.04E-02
1.371	2.13E-02
1.372	2.24E-02
1.373	2.36E-02
1.374	2.49E-02
1.375	2.63E-02
1.376	2.78E-02
1.377	2.95E-02
1.378	3.13E-02
1.379	3.34E-02
1.38	3.56E-02
1.381	3.81E-02
1.382	4.09E-02
1.383	4.39E-02
1.384	4.73E-02
1.385	5.11E-02
1.386	5.53E-02
1.387	6.00E-02
1.388	6.51E-02
1.389	7.09E-02
1.39	7.72E-02
1.391	8.42E-02
1.392	9.17E-02
1.393	9.98E-02
1.394	1.08E-01
1.395	1.17E-01
1.396	1.26E-01
1.397	1.34E-01
1.398	1.41E-01
1.399	1.48E-01
1.4	1.52E-01
1.401	1.55E-01
1.402	1.55E-01
1.403	1.54E-01
1.404	1.50E-01
1.405	1.45E-01
1.406	1.39E-01
1.407	1.32E-01
1.408	1.25E-01
1.409	1.17E-01
1.41	1.10E-01
1.411	1.03E-01
1.412	9.71E-02
1.413	9.12E-02
1.414	8.58E-02
1.415	8.09E-02
1.416	7.65E-02
1.417	7.25E-02
1.418	6.88E-02
1.419	6.56E-02
1.42	6.26E-02
1.421	6.00E-02
1.422	5.76E-02
1.423	5.55E-02
1.424	5.36E-02
1.425	5.19E-02
1.426	5.03E-02
1.427	4.90E-02
1.428	4.77E-02
1.429	4.66E-02
1.43	4.56E-02
1.431	4.48E-02
1.432	4.40E-02
1.433	4.33E-02
1.434	4.27E-02
1.435	4.21E-02
1.436	4.17E-02
1.437	4.13E-02
1.438	4.09E-02
1.439	4.06E-02
1.44	4.04E-02
1.441	4.02E-02
1.442	4.00E-02
1.443	3.99E-02
1.444	3.98E-02
1.445	3.98E-02
1.446	3.97E-02
1.447	3.98E-02
1.448	3.98E-02
1.449	3.99E-02
1.45	4.00E-02
1.451	4.01E-02
1.452	4.03E-02
1.453	4.04E-02
1.454	4.06E-02
1.455	4.09E-02
1.456	4.11E-02
1.457	4.14E-02
1.458	4.16E-02
1.459	4.19E-02
1.46	4.22E-02
1.461	4.26E-02
1.462	4.29E-02
1.463	4.33E-02
1.464	4.37E-02
1.465	4.41E-02
1.466	4.45E-02
1.467	4.49E-02
1.468	4.53E-02
1.469	4.58E-02
1.47	4.63E-02
1.471	4.67E-02
1.472	4.72E-02
1.473	4.77E-02
1.474	4.83E-02
1.475	4.88E-02
1.476	4.93E-02
1.477	4.99E-02
1.478	5.05E-02
1.479	5.11E-02
1.48	5.17E-02
1.481	5.23E-02
1.482	5.29E-02
1.483	5.35E-02
1.484	5.42E-02
1.485	5.48E-02
1.486	5.55E-02
1.487	5.62E-02
1.488	5.69E-02
1.489	5.76E-02
1.49	5.83E-02
1.491	5.91E-02
1.492	5.98E-02
1.493	6.05E-02
1.494	6.13E-02
1.495	6.21E-02
1.496	6.29E-02
1.497	6.37E-02
1.498	6.45E-02
1.499	6.53E-02
1.5	6.61E-02
1.501	6.70E-02
1.502	6.78E-02
1.503	6.87E-02
1.504	6.95E-02
1.505	7.04E-02
1.506	7.13E-02
1.507	7.22E-02
1.508	7.31E-02
1.509	7.40E-02
1.51	7.50E-02
1.511	7.59E-02
1.512	7.69E-02
1.513	7.78E-02
1.514	7.88E-02
1.515	7.98E-02
1.516	8.08E-02
1.517	8.18E-02
1.518	8.28E-02
1.519	8.38E-02
1.52	8.48E-02
1.521	8.58E-02
1.522	8.69E-02
1.523	8.79E-02
1.524	8.90E-02
1.525	9.00E-02
1.526	9.11E-02
1.527	9.22E-02
1.528	9.33E-02
1.529	9.44E-02
1.53	9.55E-02
1.531	9.66E-02
1.532	9.77E-02
1.533	9.88E-02
1.534	1.00E-01
1.535	1.01E-01
1.536	1.02E-01
1.537	1.03E-01
1.538	1.05E-01
1.539	1.06E-01
1.54	1.07E-01
1.541	1.08E-01
1.542	1.09E-01
1.543	1.10E-01
1.544	1.12E-01
1.545	1.13E-01
1.546	1.14E-01
1.547	1.15E-01
1.548	1.17E-01
1.549	1.18E-01
1.55	1.19E-01
1.551	1.20E-01
1.552	1.22E-01
1.553	1.23E-01
1.554	1.24E-01
1.555	1.25E-01
1.556	1.27E-01
1.557	1.28E-01
1.558	1.29E-01
1.559	1.31E-01
1.56	1.32E-01
1.561	1.34E-01
1.562	1.35E-01
1.563	1.36E-01
1.564	1.38E-01
1.565	1.39E-01
1.566	1.41E-01
1.567	1.42E-01
1.568	1.44E-01
1.569	1.45E-01
1.57	1.47E-01
1.571	1.49E-01
1.572	1.50E-01
1.573	1.52E-01
1.574	1.54E-01
1.575	1.56E-01
1.576	1.58E-01
1.577	1.60E-01
1.578	1.62E-01
1.579	1.64E-01
1.58	1.66E-01
1.581	1.68E-01
1.582	1.71E-01
1.583	1.73E-01
1.584	1.76E-01
1.585	1.79E-01
1.586	1.82E-01
1.587	1.85E-01
1.588	1.88E-01
1.589	1.91E-01
1.59	1.95E-01
1.591	1.99E-01
1.592	2.03E-01
1.593	2.08E-01
1.594	2.13E-01
1.595	2.18E-01
1.596	2.23E-01
1.597	2.29E-01
1.598	2.35E-01
1.599	2.41E-01
1.6	2.47E-01
1.601	2.54E-01
1.602	2.60E-01
1.603	2.67E-01
1.604	2.73E-01
1.605	2.79E-01
1.606	2.85E-01
1.607	2.90E-01
1.608	2.94E-01
1.609	2.97E-01
1.61	2.99E-01
1.611	3.00E-01
1.612	3.00E-01
1.613	2.99E-01
1.614	2.97E-01
1.615	2.95E-01
1.616	2.91E-01
1.617	2.87E-01
1.618	2.83E-01
1.619	2.79E-01
1.62	2.74E-01
1.621	2.70E-01
1.622	2.65E-01
1.623	2.61E-01
1.624	2.57E-01
1.625	2.53E-01
1.626	2.49E-01
1.627	2.46E-01
1.628	2.42E-01
1.629	2.39E-01
1.63	2.37E-01
1.631	2.34E-01
1.632	2.32E-01
1.633	2.30E-01
1.634	2.28E-01
1.635	2.26E-01
1.636	2.24E-01
1.637	2.23E-01
1.638	2.21E-01
1.639	2.20E-01
1.64	2.19E-01
1.641	2.18E-01
1.642	2.17E-01
1.643	2.16E-01
1.644	2.16E-01
1.645	2.15E-01
1.646	2.14E-01
1.647	2.14E-01
1.648	2.13E-01
1.649	2.13E-01
1.65	2.13E-01
1.651	2.13E-01
1.652	2.12E-01
1.653	2.12E-01
1.654	2.12E-01
1.655	2.12E-01
1.656	2.12E-01
1.657	2.12E-01
1.658	2.12E-01
1.659	2.12E-01
1.66	2.12E-01
1.661	2.13E-01
1.662	2.13E-01
1.663	2.13E-01
1.664	2.13E-01
1.665	2.14E-01
1.666	2.14E-01
1.667	2.14E-01
1.668	2.15E-01
1.669	2.15E-01
1.67	2.16E-01
1.671	2.16E-01
1.672	2.17E-01
1.673	2.17E-01
1.674	2.18E-01
1.675	2.18E-01
1.676	2.19E-01
1.677	2.19E-01
1.678	2.20E-01
1.679	2.21E-01
1.68	2.21E-01
1.681	2.22E-01
1.682	2.23E-01
1.683	2.23E-01
1.684	2.24E-01
1.685	2.25E-01
1.686	2.26E-01
1.687	2.26E-01
1.688	2.27E-01
1.689	2.28E-01
1.69	2.29E-01
1.691	2.30E-01
1.692	2.30E-01
1.693	2.31E-01
1.694	2.32E-01
1.695	2.33E-01
1.696	2.34E-01
1.697	2.34E-01
1.698	2.35E-01
1.699	2.36E-01
1.7	2.37E-01
1.701	2.38E-01
1.702	2.38E-01
1.703	2.39E-01
1.704	2.40E-01
1.705	2.41E-01
1.706	2.42E-01
1.707	2.42E-01
1.708	2.43E-01
1.709	2.44E-01
1.71	2.44E-01
1.711	2.45E-01
1.712	2.45E-01
1.713	2.46E-01
1.714	2.46E-01
1.715	2.47E-01
1.716	2.47E-01
1.717	2.48E-01
1.718	2.48E-01
1.719	2.49E-01
1.72	2.49E-01
1.721	2.49E-01
1.722	2.50E-01
1.723	2.50E-01
1.724	2.50E-01
1.725	2.50E-01
1.726	2.50E-01
1.727	2.50E-01
1.728	2.50E-01
1.729	2.50E-01
1.73	2.50E-01
1.731	2.50E-01
1.732	2.50E-01
1.733	2.50E-01
1.734	2.50E-01
1.735	2.50E-01
1.736	2.49E-01
1.737	2.49E-01
1.738	2.49E-01
1.739	2.49E-01
1.74	2.48E-01
1.741	2.48E-01
1.742	2.48E-01
1.743	2.47E-01
1.744	2.47E-01
1.745	2.46E-01
1.746	2.46E-01
1.747	2.46E-01
1.748	2.45E-01
1.749	2.45E-01
1.75	2.44E-01
1.751	2.44E-01
1.752	2.43E-01
1.753	2.43E-01
1.754	2.42E-01
1.755	2.42E-01
1.756	2.41E-01
1.757	2.41E-01
1.758	2.40E-01
1.759	2.40E-01
1.76	2.39E-01
1.761	2.39E-01
1.762	2.38E-01
1.763	2.38E-01
1.764	2.37E-01
1.765	2.37E-01
1.766	2.36E-01
1.767	2.36E-01
1.768	2.35E-01
1.769	2.35E-01
1.77	2.34E-01
1.771	2.34E-01
1.772	2.33E-01
1.773	2.33E-01
1.774	2.32E-01
1.775	2.32E-01
1.776	2.31E-01
1.777	2.31E-01
1.778	2.31E-01
1.779	2.30E-01
1.78	2.30E-01
1.781	2.29E-01
1.782	2.29E-01
1.783	2.29E-01
1.784	2.28E-01
1.785	2.28E-01
1.786	2.28E-01
1.787	2.28E-01
1.788	2.27E-01
1.789	2.27E-01
1.79	2.27E-01
1.791	2.26E-01
1.792	2.26E-01
1.793	2.26E-01
1.794	2.26E-01
1.795	2.26E-01
1.796	2.25E-01
1.797	2.25E-01
1.798	2.25E-01
1.799	2.25E-01
1.8	2.25E-01
1.801	2.25E-01
1.802	2.25E-01
1.803	2.25E-01
1.804	2.25E-01
1.805	2.24E-01
1.806	2.24E-01
1.807	2.24E-01
1.808	2.24E-01
1.809	2.24E-01
1.81	2.24E-01
1.811	2.25E-01
1.812	2.25E-01
1.813	2.25E-01
1.814	2.25E-01
1.815	2.25E-01
1.816	2.25E-01
1.817	2.25E-01
1.818	2.25E-01
1.819	2.25E-01
1.82	2.26E-01
1.821	2.26E-01
1.822	2.26E-01
1.823	2.26E-01
1.824	2.27E-01
1.825	2.27E-01
1.826	2.27E-01
1.827	2.28E-01
1.828	2.28E-01
1.829	2.28E-01
1.83	2.29E-01
1.831	2.29E-01
1.832	2.30E-01
1.833	2.30E-01
1.834	2.31E-01
1.835	2.31E-01
1.836	2.32E-01
1.837	2.32E-01
1.838	2.33E-01
1.839	2.34E-01
1.84	2.34E-01
1.841	2.35E-01
1.842	2.36E-01
1.843	2.37E-01
1.844	2.37E-01
1.845	2.38E-01
1.846	2.39E-01
1.847	2.40E-01
1.848	2.41E-01
1.849	2.42E-01
1.85	2.43E-01
1.851	2.44E-01
1.852	2.45E-01
1.853	2.46E-01
1.854	2.48E-01
1.855	2.49E-01
1.856	2.50E-01
1.857	2.52E-01
1.858	2.53E-01
1.859	2.55E-01
1.86	2.56E-01
1.861	2.58E-01
1.862	2.59E-01
1.863	2.61E-01
1.864	2.63E-01
1.865	2.65E-01
1.866	2.67E-01
1.867	2.69E-01
1.868	2.71E-01
1.869	2.74E-01
1.87	2.76E-01
1.871	2.78E-01
1.872	2.81E-01
1.873	2.84E-01
1.874	2.87E-01
1.875	2.90E-01
1.876	2.93E-01
1.877	2.96E-01
1.878	2.99E-01
1.879	3.03E-01
1.88	3.07E-01
1.881	3.11E-01
1.882	3.15E-01
1.883	3.19E-01
1.884	3.24E-01
1.885	3.29E-01
1.886	3.34E-01
1.887	3.39E-01
1.888	3.45E-01
1.889	3.51E-01
1.89	3.57E-01
1.891	3.64E-01
1.892	3.71E-01
1.893	3.78E-01
1.894	3.86E-01
1.895	3.95E-01
1.896	4.03E-01
1.897	4.13E-01
1.898	4.23E-01
1.899	4.34E-01
1.9	4.45E-01
1.901	4.57E-01
1.902	4.70E-01
1.903	4.84E-01
1.904	4.99E-01
1.905	5.15E-01
1.906	5.32E-01
1.907	5.51E-01
1.908	5.71E-01
1.909	5.92E-01
1.91	6.15E-01
1.911	6.40E-01
1.912	6.67E-01
1.913	6.97E-01
1.914	7.28E-01
1.915	7.63E-01
1.916	8.01E-01
1.917	8.42E-01
1.918	8.87E-01
1.919	9.36E-01
1.92	9.90E-01
1.921	1.05E+00
1.922	1.11E+00
1.923	1.19E+00
1.924	1.26E+00
1.925	1.35E+00
1.926	1.45E+00
1.927	1.55E+00
1.928	1.66E+00
1.929	1.79E+00
1.93	1.93E+00
1.931	2.08E+00
1.932	2.24E+00
1.933	2.41E+00
1.934	2.59E+00
1.935	2.78E+00
1.936	2.98E+00
1.937	3.17E+00
1.938	3.36E+00
1.939	3.54E+00
1.94	3.69E+00
1.941	3.81E+00
1.942	3.89E+00
1.943	3.94E+00
1.944	3.93E+00
1.945	3.89E+00
1.946	3.80E+00
1.947	3.68E+00
1.948	3.54E+00
1.949	3.38E+00
1.95	3.20E+00
1.951	3.03E+00
1.952	2.85E+00
1.953	2.68E+00
1.954	2.51E+00
1.955	2.35E+00
1.956	2.21E+00
1.957	2.07E+00
1.958	1.94E+00
1.959	1.83E+00
1.96	1.72E+00
1.961	1.62E+00
1.962	1.53E+00
1.963	1.45E+00
1.964	1.37E+00
1.965	1.31E+00
1.966	1.24E+00
1.967	1.18E+00
1.968	1.13E+00
1.969	1.08E+00
1.97	1.04E+00
1.971	9.95E-01
1.972	9.56E-01
1.973	9.21E-01
1.974	8.88E-01
1.975	8.57E-01
1.976	8.29E-01
1.977	8.03E-01
1.978	7.78E-01
1.979	7.56E-01
1.98	7.35E-01
1.981	7.15E-01
1.982	6.96E-01
1.983	6.79E-01
1.984	6.63E-01
1.985	6.48E-01
1.986	6.33E-01
1.987	6.20E-01
1.988	6.07E-01
1.989	5.95E-01
1.99	5.84E-01
1.991	5.74E-01
1.992	5.64E-01
1.993	5.55E-01
1.994	5.46E-01
1.995	5.38E-01
1.996	5.30E-01
1.997	5.22E-01
1.998	5.15E-01
1.999	5.09E-01
2	5.02E-01
2.001	4.96E-01
2.002	4.91E-01
2.003	4.85E-01
2.004	4.80E-01
2.005	4.75E-01
2.006	4.71E-01
2.007	4.67E-01
2.008	4.63E-01
2.009	4.59E-01
2.01	4.55E-01
2.011	4.52E-01
2.012	4.48E-01
2.013	4.45E-01
2.014	4.42E-01
2.015	4.40E-01
2.016	4.37E-01
2.017	4.35E-01
2.018	4.32E-01
2.019	4.30E-01
2.02	4.28E-01
2.021	4.26E-01
2.022	4.24E-01
2.023	4.23E-01
2.024	4.21E-01
2.025	4.20E-01
2.026	4.18E-01
2.027	4.17E-01
2.028	4.16E-01
2.029	4.15E-01
2.03	4.14E-01
2.031	4.13E-01
2.032	4.12E-01
2.033	4.12E-01
2.034	4.11E-01
2.035	4.11E-01
2.036	4.10E-01
2.037	4.10E-01
2.038	4.10E-01
2.039	4.10E-01
2.04	4.10E-01
2.041	4.10E-01
2.042	4.10E-01
2.043	4.10E-01
2.044	4.10E-01
2.045	4.10E-01
2.046	4.11E-01
2.047	4.11E-01
2.048	4.12E-01
2.049	4.12E-01
2.05	4.13E-01
2.051	4.14E-01
2.052	4.15E-01
2.053	4.16E-01
2.054	4.17E-01
2.055	4.18E-01
2.056	4.19E-01
2.057	4.21E-01
2.058	4.22E-01
2.059	4.23E-01
2.06	4.25E-01
2.061	4.27E-01
2.062	4.29E-01
2.063	4.30E-01
2.064	4.32E-01
2.065	4.35E-01
2.066	4.37E-01
2.067	4.39E-01
2.068	4.42E-01
2.069	4.44E-01
2.07	4.47E-01
2.071	4.50E-01
2.072	4.53E-01
2.073	4.56E-01
2.074	4.60E-01
2.075	4.63E-01
2.076	4.67E-01
2.077	4.71E-01
2.078	4.75E-01
2.079	4.79E-01
2.08	4.84E-01
2.081	4.89E-01
2.082	4.94E-01
2.083	5.00E-01
2.084	5.05E-01
2.085	5.11E-01
2.086	5.18E-01
2.087	5.25E-01
2.088	5.32E-01
2.089	5.40E-01
2.09	5.48E-01
2.091	5.57E-01
2.092	5.67E-01
2.093	5.77E-01
2.094	5.88E-01
2.095	5.99E-01
2.096	6.12E-01
2.097	6.25E-01
2.098	6.40E-01
2.099	6.55E-01
2.1	6.72E-01
2.101	6.91E-01
2.102	7.11E-01
2.103	7.33E-01
2.104	7.57E-01
2.105	7.83E-01
2.106	8.12E-01
2.107	8.44E-01
2.108	8.79E-01
2.109	9.17E-01
2.11	9.61E-01
2.111	1.01E+00
2.112	1.06E+00
2.113	1.12E+00
2.114	1.19E+00
2.115	1.26E+00
2.116	1.35E+00
2.117	1.44E+00
2.118	1.55E+00
2.119	1.67E+00
2.12	1.80E+00
2.121	1.94E+00
2.122	2.10E+00
2.123	2.26E+00
2.124	2.44E+00
2.125	2.61E+00
2.126	2.78E+00
2.127	2.94E+00
2.128	3.06E+00
2.129	3.15E+00
2.13	3.19E+00
2.131	3.18E+00
2.132	3.12E+00
2.133	3.02E+00
2.134	2.90E+00
2.135	2.75E+00
2.136	2.59E+00
2.137	2.43E+00
2.138	2.27E+00
2.139	2.13E+00
2.14	1.99E+00
2.141	1.87E+00
2.142	1.76E+00
2.143	1.66E+00
2.144	1.57E+00
2.145	1.49E+00
2.146	1.42E+00
2.147	1.35E+00
2.148	1.30E+00
2.149	1.25E+00
2.15	1.20E+00
2.151	1.16E+00
2.152	1.13E+00
2.153	1.10E+00
2.154	1.07E+00
2.155	1.05E+00
2.156	1.02E+00
2.157	1.00E+00
2.158	9.88E-01
2.159	9.73E-01
2.16	9.59E-01
2.161	9.48E-01
2.162	9.37E-01
2.163	9.29E-01
2.164	9.21E-01
2.165	9.14E-01
2.166	9.09E-01
2.167	9.04E-01
2.168	9.00E-01
2.169	8.98E-01
2.17	8.95E-01
2.171	8.94E-01
2.172	8.93E-01
2.173	8.93E-01
2.174	8.93E-01
2.175	8.94E-01
2.176	8.96E-01
2.177	8.98E-01
2.178	9.00E-01
2.179	9.03E-01
2.18	9.06E-01
2.181	9.10E-01
2.182	9.14E-01
2.183	9.19E-01
2.184	9.24E-01
2.185	9.29E-01
2.186	9.35E-01
2.187	9.41E-01
2.188	9.47E-01
2.189	9.54E-01
2.19	9.61E-01
2.191	9.68E-01
2.192	9.76E-01
2.193	9.84E-01
2.194	9.92E-01
2.195	1.00E+00
2.196	1.01E+00
2.197	1.02E+00
2.198	1.03E+00
2.199	1.04E+00
2.2	1.05E+00
2.201	1.06E+00
2.202	1.07E+00
2.203	1.08E+00
2.204	1.09E+00
2.205	1.10E+00
2.206	1.12E+00
2.207	1.13E+00
2.208	1.14E+00
2.209	1.15E+00
2.21	1.17E+00
2.211	1.18E+00
2.212	1.19E+00
2.213	1.21E+00
2.214	1.22E+00
2.215	1.24E+00
2.216	1.25E+00
2.217	1.27E+00
2.218	1.28E+00
2.219	1.30E+00
2.22	1.32E+00
2.221	1.33E+00
2.222	1.35E+00
2.223	1.37E+00
2.224	1.38E+00
2.225	1.40E+00
2.226	1.42E+00
2.227	1.44E+00
2.228	1.46E+00
2.229	1.48E+00
2.23	1.50E+00
2.231	1.52E+00
2.232	1.54E+00
2.233	1.56E+00
2.234	1.58E+00
2.235	1.60E+00
2.236	1.62E+00
2.237	1.64E+00
2.238	1.66E+00
2.239	1.69E+00
2.24	1.71E+00
2.241	1.73E+00
2.242	1.75E+00
2.243	1.78E+00
2.244	1.80E+00
2.245	1.82E+00
2.246	1.85E+00
2.247	1.87E+00
2.248	1.89E+00
2.249	1.92E+00
2.25	1.94E+00
2.251	1.97E+00
2.252	1.99E+00
2.253	2.02E+00
2.254	2.04E+00
2.255	2.06E+00
2.256	2.09E+00
2.257	2.11E+00
2.258	2.14E+00
2.259	2.16E+00
2.26	2.19E+00
2.261	2.21E+00
2.262	2.23E+00
2.263	2.26E+00
2.264	2.28E+00
2.265	2.30E+00
2.266	2.32E+00
2.267	2.35E+00
2.268	2.37E+00
2.269	2.39E+00
2.27	2.41E+00
2.271	2.43E+00
2.272	2.45E+00
2.273	2.47E+00
2.274	2.49E+00
2.275	2.51E+00
2.276	2.53E+00
2.277	2.54E+00
2.278	2.56E+00
2.279	2.58E+00
2.28	2.59E+00
2.281	2.61E+00
2.282	2.62E+00
2.283	2.63E+00
2.284	2.65E+00
2.285	2.66E+00
2.286	2.67E+00
2.287	2.68E+00
2.288	2.69E+00
2.289	2.69E+00
2.29	2.70E+00
2.291	2.71E+00
2.292	2.71E+00
2.293	2.72E+00
2.294	2.72E+00
2.295	2.72E+00
2.296	2.73E+00
2.297	2.73E+00
2.298	2.73E+00
2.299	2.73E+00
2.3	2.73E+00
2.301	2.72E+00
2.302	2.72E+00
2.303	2.72E+00
2.304	2.71E+00
2.305	2.71E+00
2.306	2.70E+00
2.307	2.70E+00
2.308	2.69E+00
2.309	2.68E+00
2.31	2.67E+00
2.311	2.66E+00
2.312	2.65E+00
2.313	2.64E+00
2.314	2.63E+00
2.315	2.62E+00
2.316	2.61E+00
2.317	2.60E+00
2.318	2.59E+00
2.319	2.58E+00
2.32	2.56E+00
2.321	2.55E+00
2.322	2.54E+00
2.323	2.52E+00
2.324	2.51E+00
2.325	2.49E+00
2.326	2.48E+00
2.327	2.47E+00
2.328	2.45E+00
2.329	2.44E+00
2.33	2.42E+00
2.331	2.41E+00
2.332	2.39E+00
2.333	2.37E+00
2.334	2.36E+00
2.335	2.34E+00
2.336	2.33E+00
2.337	2.31E+00
2.338	2.30E+00
2.339	2.28E+00
2.34	2.27E+00
2.341	2.25E+00
2.342	2.24E+00
2.343	2.22E+00
2.344	2.21E+00
2.345	2.19E+00
2.346	2.18E+00
2.347	2.16E+00
2.348	2.15E+00
2.349	2.13E+00
2.35	2.12E+00
2.351	2.10E+00
2.352	2.09E+00
2.353	2.07E+00
2.354	2.06E+00
2.355	2.05E+00
2.356	2.03E+00
2.357	2.02E+00
2.358	2.01E+00
2.359	1.99E+00
2.36	1.98E+00
2.361	1.97E+00
2.362	1.95E+00
2.363	1.94E+00
2.364	1.93E+00
2.365	1.92E+00
2.366	1.91E+00
2.367	1.89E+00
2.368	1.88E+00
2.369	1.87E+00
2.37	1.86E+00
2.371	1.85E+00
2.372	1.84E+00
2.373	1.83E+00
2.374	1.82E+00
2.375	1.81E+00
2.376	1.80E+00
2.377	1.79E+00
2.378	1.78E+00
2.379	1.77E+00
2.38	1.76E+00
2.381	1.75E+00
2.382	1.74E+00
2.383	1.73E+00
2.384	1.72E+00
2.385	1.71E+00
2.386	1.71E+00
2.387	1.70E+00
2.388	1.69E+00
2.389	1.68E+00
2.39	1.68E+00
2.391	1.67E+00
2.392	1.66E+00
2.393	1.65E+00
2.394	1.65E+00
2.395	1.64E+00
2.396	1.63E+00
2.397	1.63E+00
2.398	1.62E+00
2.399	1.62E+00
2.4	1.61E+00
2.401	1.61E+00
2.402	1.60E+00
2.403	1.60E+00
2.404	1.59E+00
2.405	1.59E+00
2.406	1.58E+00
2.407	1.58E+00
2.408	1.57E+00
2.409	1.57E+00
2.41	1.57E+00
2.411	1.56E+00
2.412	1.56E+00
2.413	1.55E+00
2.414	1.55E+00
2.415	1.55E+00
2.416	1.55E+00
2.417	1.54E+00
2.418	1.54E+00
2.419	1.54E+00
2.42	1.54E+00
2.421	1.54E+00
2.422	1.53E+00
2.423	1.53E+00
2.424	1.53E+00
2.425	1.53E+00
2.426	1.53E+00
2.427	1.53E+00
2.428	1.53E+00
2.429	1.53E+00
2.43	1.53E+00
2.431	1.53E+00
2.432	1.53E+00
2.433	1.53E+00
2.434	1.53E+00
2.435	1.53E+00
2.436	1.54E+00
2.437	1.54E+00
2.438	1.54E+00
2.439	1.54E+00
2.44	1.54E+00
2.441	1.55E+00
2.442	1.55E+00
2.443	1.55E+00
2.444	1.56E+00
2.445	1.56E+00
2.446	1.57E+00
2.447	1.57E+00
2.448	1.58E+00
2.449	1.58E+00
2.45	1.59E+00
2.451	1.59E+00
2.452	1.60E+00
2.453	1.61E+00
2.454	1.61E+00
2.455	1.62E+00
2.456	1.63E+00
2.457	1.64E+00
2.458	1.65E+00
2.459	1.66E+00
2.46	1.67E+00
2.461	1.68E+00
2.462	1.69E+00
2.463	1.70E+00
2.464	1.71E+00
2.465	1.72E+00
2.466	1.74E+00
2.467	1.75E+00
2.468	1.76E+00
2.469	1.78E+00
2.47	1.79E+00
2.471	1.81E+00
2.472	1.82E+00
2.473	1.84E+00
2.474	1.86E+00
2.475	1.88E+00
2.476	1.90E+00
2.477	1.92E+00
2.478	1.94E+00
2.479	1.96E+00
2.48	1.98E+00
2.481	2.00E+00
2.482	2.02E+00
2.483	2.04E+00
2.484	2.07E+00
2.485	2.09E+00
2.486	2.12E+00
2.487	2.14E+00
2.488	2.16E+00
2.489	2.19E+00
2.49	2.22E+00
2.491	2.24E+00
2.492	2.27E+00
2.493	2.29E+00
2.494	2.32E+00
2.495	2.34E+00
2.496	2.37E+00
2.497	2.39E+00
2.498	2.42E+00
2.499	2.44E+00
2.5	2.46E+00
2.501	2.49E+00
2.502	2.51E+00
2.503	2.53E+00
2.504	2.54E+00
2.505	2.56E+00
2.506	2.58E+00
2.507	2.59E+00
2.508	2.60E+00
2.509	2.62E+00
2.51	2.63E+00
2.511	2.63E+00
2.512	2.64E+00
2.513	2.65E+00
2.514	2.65E+00
2.515	2.65E+00
2.516	2.65E+00
2.517	2.65E+00
2.518	2.65E+00
2.519	2.65E+00
2.52	2.65E+00
2.521	2.64E+00
2.522	2.64E+00
2.523	2.63E+00
2.524	2.62E+00
2.525	2.62E+00
2.526	2.61E+00
2.527	2.60E+00
2.528	2.60E+00
2.529	2.59E+00
2.53	2.58E+00
2.531	2.58E+00
2.532	2.57E+00
2.533	2.56E+00
2.534	2.56E+00
2.535	2.55E+00
2.536	2.55E+00
2.537	2.54E+00
2.538	2.54E+00
2.539	2.54E+00
2.54	2.54E+00
2.541	2.54E+00
2.542	2.53E+00
2.543	2.54E+00
2.544	2.54E+00
2.545	2.54E+00
2.546	2.54E+00
2.547	2.54E+00
2.548	2.55E+00
2.549	2.56E+00
2.55	2.56E+00
2.551	2.57E+00
2.552	2.58E+00
2.553	2.59E+00
2.554	2.60E+00
2.555	2.61E+00
2.556	2.62E+00
2.557	2.64E+00
2.558	2.65E+00
2.559	2.67E+00
2.56	2.68E+00
2.561	2.70E+00
2.562	2.72E+00
2.563	2.74E+00
2.564	2.76E+00
2.565	2.78E+00
2.566	2.81E+00
2.567	2.83E+00
2.568	2.86E+00
2.569	2.88E+00
2.57	2.91E+00
2.571	2.94E+00
2.572	2.97E+00
2.573	3.00E+00
2.574	3.04E+00
2.575	3.07E+00
2.576	3.11E+00
2.577	3.14E+00
2.578	3.18E+00
2.579	3.22E+00
2.58	3.26E+00
2.581	3.30E+00
2.582	3.35E+00
2.583	3.39E+00
2.584	3.44E+00
2.585	3.48E+00
2.586	3.53E+00
2.587	3.58E+00
2.588	3.63E+00
2.589	3.68E+00
2.59	3.74E+00
2.591	3.79E+00
2.592	3.85E+00
2.593	3.90E+00
2.594	3.96E+00
2.595	4.02E+00
2.596	4.08E+00
2.597	4.14E+00
2.598	4.20E+00
2.599	4.26E+00
2.6	4.32E+00
2.601	4.38E+00
2.602	4.45E+00
2.603	4.51E+00
2.604	4.57E+00
2.605	4.63E+00
2.606	4.69E+00
2.607	4.76E+00
2.608	4.82E+00
2.609	4.88E+00
2.61	4.94E+00
2.611	4.99E+00
2.612	5.05E+00
2.613	5.10E+00
2.614	5.16E+00
2.615	5.21E+00
2.616	5.26E+00
2.617	5.30E+00
2.618	5.35E+00
2.619	5.39E+00
2.62	5.43E+00
2.621	5.46E+00
2.622	5.50E+00
2.623	5.52E+00
2.624	5.55E+00
2.625	5.57E+00
2.626	5.59E+00
2.627	5.61E+00
2.628	5.62E+00
2.629	5.63E+00
2.63	5.64E+00
2.631	5.64E+00
2.632	5.64E+00
2.633	5.64E+00
2.634	5.63E+00
2.635	5.62E+00
2.636	5.61E+00
2.637	5.59E+00
2.638	5.57E+00
2.639	5.55E+00
2.64	5.53E+00
2.641	5.51E+00
2.642	5.48E+00
2.643	5.45E+00
2.644	5.42E+00
2.645	5.39E+00
2.646	5.36E+00
2.647	5.33E+00
2.648	5.29E+00
2.649	5.26E+00
2.65	5.22E+00
2.651	5.19E+00
2.652	5.15E+00
2.653	5.12E+00
2.654	5.08E+00
2.655	5.05E+00
2.656	5.02E+00
2.657	4.98E+00
2.658	4.95E+00
2.659	4.92E+00
2.66	4.89E+00
2.661	4.86E+00
2.662	4.83E+00
2.663	4.80E+00
2.664	4.78E+00
2.665	4.75E+00
2.666	4.73E+00
2.667	4.71E+00
2.668	4.69E+00
2.669	4.68E+00
2.67	4.66E+00
2.671	4.65E+00
2.672	4.64E+00
2.673	4.63E+00
2.674	4.62E+00
2.675	4.62E+00
2.676	4.62E+00
2.677	4.62E+00
2.678	4.63E+00
2.679	4.64E+00
2.68	4.65E+00
2.681	4.66E+00
2.682	4.68E+00
2.683	4.70E+00
2.684	4.73E+00
2.685	4.76E+00
2.686	4.79E+00
2.687	4.83E+00
2.688	4.87E+00
2.689	4.92E+00
2.69	4.97E+00
2.691	5.03E+00
2.692	5.09E+00
2.693	5.16E+00
2.694	5.24E+00
2.695	5.32E+00
2.696	5.41E+00
2.697	5.51E+00
2.698	5.61E+00
2.699	5.73E+00
2.7	5.85E+00
2.701	5.99E+00
2.702	6.13E+00
2.703	6.29E+00
2.704	6.45E+00
2.705	6.63E+00
2.706	6.83E+00
2.707	7.03E+00
2.708	7.25E+00
2.709	7.48E+00
2.71	7.73E+00
2.711	8.00E+00
2.712	8.28E+00
2.713	8.57E+00
2.714	8.88E+00
2.715	9.21E+00
2.716	9.55E+00
2.717	9.90E+00
2.718	1.03E+01
2.719	1.06E+01
2.72	1.10E+01
2.721	1.14E+01
2.722	1.17E+01
2.723	1.21E+01
2.724	1.24E+01
2.725	1.27E+01
2.726	1.30E+01
2.727	1.33E+01
2.728	1.35E+01
2.729	1.36E+01
2.73	1.37E+01
2.731	1.38E+01
2.732	1.38E+01
2.733	1.37E+01
2.734	1.36E+01
2.735	1.34E+01
2.736	1.32E+01
2.737	1.29E+01
2.738	1.26E+01
2.739	1.23E+01
2.74	1.20E+01
2.741	1.16E+01
2.742	1.13E+01
2.743	1.09E+01
2.744	1.05E+01
2.745	1.02E+01
2.746	9.81E+00
2.747	9.46E+00
2.748	9.12E+00
2.749	8.80E+00
2.75	8.48E+00
2.751	8.19E+00
2.752	7.90E+00
2.753	7.63E+00
2.754	7.37E+00
2.755	7.12E+00
2.756	6.89E+00
2.757	6.67E+00
2.758	6.46E+00
2.759	6.27E+00
2.76	6.08E+00
2.761	5.90E+00
2.762	5.74E+00
2.763	5.58E+00
2.764	5.43E+00
2.765	5.29E+00
2.766	5.16E+00
2.767	5.03E+00
2.768	4.91E+00
2.769	4.80E+00
2.77	4.70E+00
2.771	4.60E+00
2.772	4.50E+00
2.773	4.41E+00
2.774	4.32E+00
2.775	4.24E+00
2.776	4.16E+00
2.777	4.09E+00
2.778	4.02E+00
2.779	3.95E+00
2.78	3.89E+00
2.781	3.83E+00
2.782	3.77E+00
2.783	3.72E+00
2.784	3.67E+00
2.785	3.62E+00
2.786	3.57E+00
2.787	3.53E+00
2.788	3.48E+00
2.789	3.44E+00
2.79	3.40E+00
2.791	3.37E+00
2.792	3.33E+00
2.793	3.30E+00
2.794	3.27E+00
2.795	3.23E+00
2.796	3.21E+00
2.797	3.18E+00
2.798	3.15E+00
2.799	3.12E+00
2.8	3.10E+00
2.801	3.08E+00
2.802	3.05E+00
2.803	3.03E+00
2.804	3.01E+00
2.805	2.99E+00
2.806	2.98E+00
2.807	2.96E+00
2.808	2.94E+00
2.809	2.93E+00
2.81	2.91E+00
2.811	2.90E+00
2.812	2.88E+00
2.813	2.87E+00
2.814	2.86E+00
2.815	2.84E+00
2.816	2.83E+00
2.817	2.82E+00
2.818	2.81E+00
2.819	2.80E+00
2.82	2.79E+00
2.821	2.78E+00
2.822	2.78E+00
2.823	2.77E+00
2.824	2.76E+00
2.825	2.75E+00
2.826	2.75E+00
2.827	2.74E+00
2.828	2.74E+00
2.829	2.73E+00
2.83	2.73E+00
2.831	2.72E+00
2.832	2.72E+00
2.833	2.71E+00
2.834	2.71E+00
2.835	2.70E+00
2.836	2.70E+00
2.837	2.70E+00
2.838	2.69E+00
2.839	2.69E+00
2.84	2.69E+00
2.841	2.69E+00
2.842	2.68E+00
2.843	2.68E+00
2.844	2.68E+00
2.845	2.68E+00
2.846	2.67E+00
2.847	2.67E+00
2.848	2.67E+00
2.849	2.67E+00
2.85	2.67E+00
2.851	2.66E+00
2.852	2.66E+00
2.853	2.66E+00
2.854	2.66E+00
2.855	2.66E+00
2.856	2.65E+00
2.857	2.65E+00
2.858	2.65E+00
2.859	2.65E+00
2.86	2.65E+00
2.861	2.65E+00
2.862	2.64E+00
2.863	2.64E+00
2.864	2.64E+00
2.865	2.64E+00
2.866	2.63E+00
2.867	2.63E+00
2.868	2.63E+00
2.869	2.63E+00
2.87	2.62E+00
2.871	2.62E+00
2.872	2.62E+00
2.873	2.62E+00
2.874	2.61E+00
2.875	2.61E+00
2.876	2.61E+00
2.877	2.61E+00
2.878	2.60E+00
2.879	2.60E+00
2.88	2.60E+00
2.881	2.59E+00
2.882	2.59E+00
2.883	2.59E+00
2.884	2.58E+00
2.885	2.58E+00
2.886	2.58E+00
2.887	2.58E+00
2.888	2.57E+00
2.889	2.57E+00
2.89	2.57E+00
2.891	2.56E+00
2.892	2.56E+00
2.893	2.56E+00
2.894	2.55E+00
2.895	2.55E+00
2.896	2.55E+00
2.897	2.55E+00
2.898	2.54E+00
2.899	2.54E+00
2.9	2.54E+00
2.901	2.54E+00
2.902	2.53E+00
2.903	2.53E+00
2.904	2.53E+00
2.905	2.53E+00
2.906	2.52E+00
2.907	2.52E+00
2.908	2.52E+00
2.909	2.52E+00
2.91	2.52E+00
2.911	2.51E+00
2.912	2.51E+00
2.913	2.51E+00
2.914	2.51E+00
2.915	2.51E+00
2.916	2.51E+00
2.917	2.50E+00
2.918	2.50E+00
2.919	2.50E+00
2.92	2.50E+00
2.921	2.50E+00
2.922	2.50E+00
2.923	2.50E+00
2.924	2.50E+00
2.925	2.50E+00
2.926	2.50E+00
2.927	2.50E+00
2.928	2.50E+00
2.929	2.50E+00
2.93	2.50E+00
2.931	2.50E+00
2.932	2.50E+00
2.933	2.50E+00
2.934	2.50E+00
2.935	2.50E+00
2.936	2.50E+00
2.937	2.50E+00
2.938	2.50E+00
2.939	2.50E+00
2.94	2.50E+00
2.941	2.50E+00
2.942	2.50E+00
2.943	2.51E+00
2.944	2.51E+00
2.945	2.51E+00
2.946	2.51E+00
2.947	2.51E+00
2.948	2.51E+00
2.949	2.52E+00
2.95	2.52E+00
2.951	2.52E+00
2.952	2.52E+00
2.953	2.52E+00
2.954	2.53E+00
2.955	2.53E+00
2.956	2.53E+00
2.957	2.54E+00
2.958	2.54E+00
2.959	2.54E+00
2.96	2.54E+00
2.961	2.55E+00
2.962	2.55E+00
2.963	2.55E+00
2.964	2.56E+00
2.965	2.56E+00
2.966	2.56E+00
2.967	2.57E+00
2.968	2.57E+00
2.969	2.58E+00
2.97	2.58E+00
2.971	2.58E+00
2.972	2.59E+00
2.973	2.59E+00
2.974	2.60E+00
2.975	2.60E+00
2.976	2.60E+00
2.977	2.61E+00
2.978	2.61E+00
2.979	2.62E+00
2.98	2.62E+00
2.981	2.63E+00
2.982	2.63E+00
2.983	2.64E+00
2.984	2.64E+00
2.985	2.65E+00
2.986	2.66E+00
2.987	2.66E+00
2.988	2.67E+00
2.989	2.67E+00
2.99	2.68E+00
2.991	2.68E+00
2.992	2.69E+00
2.993	2.70E+00
2.994	2.70E+00
2.995	2.71E+00
2.996	2.72E+00
2.997	2.72E+00
2.998	2.73E+00
2.999	2.73E+00
3	2.74E+00
3.001	2.75E+00
3.002	2.76E+00
3.003	2.76E+00
3.004	2.77E+00
3.005	2.78E+00
3.006	2.78E+00
3.007	2.79E+00
3.008	2.80E+00
3.009	2.81E+00
3.01	2.82E+00
3.011	2.82E+00
3.012	2.83E+00
3.013	2.84E+00
3.014	2.85E+00
3.015	2.86E+00
3.016	2.87E+00
3.017	2.87E+00
3.018	2.88E+00
3.019	2.89E+00
3.02	2.90E+00
3.021	2.91E+00
3.022	2.92E+00
3.023	2.93E+00
3.024	2.94E+00
3.025	2.95E+00
3.026	2.96E+00
3.027	2.97E+00
3.028	2.98E+00
3.029	2.99E+00
3.03	3.00E+00
3.031	3.01E+00
3.032	3.02E+00
3.033	3.03E+00
3.034	3.04E+00
3.035	3.05E+00
3.036	3.06E+00
3.037	3.07E+00
3.038	3.08E+00
3.039	3.09E+00
3.04	3.10E+00
3.041	3.12E+00
3.042	3.13E+00
3.043	3.14E+00
3.044	3.15E+00
3.045	3.16E+00
3.046	3.18E+00
3.047	3.19E+00
3.048	3.20E+00
3.049	3.21E+00
3.05	3.23E+00
3.051	3.24E+00
3.052	3.25E+00
3.053	3.26E+00
3.054	3.28E+00
3.055	3.29E+00
3.056	3.31E+00
3.057	3.32E+00
3.058	3.33E+00
3.059	3.35E+00
3.06	3.36E+00
3.061	3.38E+00
3.062	3.39E+00
3.063	3.41E+00
3.064	3.42E+00
3.065	3.44E+00
3.066	3.45E+00
3.067	3.47E+00
3.068	3.48E+00
3.069	3.50E+00
3.07	3.51E+00
3.071	3.53E+00
3.072	3.55E+00
3.073	3.56E+00
3.074	3.58E+00
3.075	3.60E+00
3.076	3.61E+00
3.077	3.63E+00
3.078	3.65E+00
3.079	3.67E+00
3.08	3.68E+00
3.081	3.70E+00
3.082	3.72E+00
3.083	3.74E+00
3.084	3.76E+00
3.085	3.78E+00
3.086	3.79E+00
3.087	3.81E+00
3.088	3.83E+00
3.089	3.85E+00
3.09	3.87E+00
3.091	3.89E+00
3.092	3.91E+00
3.093	3.93E+00
3.094	3.95E+00
3.095	3.98E+00
3.096	4.00E+00
3.097	4.02E+00
3.098	4.04E+00
3.099	4.06E+00
3.1	4.08E+00
3.101	4.11E+00
3.102	4.13E+00
3.103	4.15E+00
3.104	4.17E+00
3.105	4.20E+00
3.106	4.22E+00
3.107	4.24E+00
3.108	4.27E+00
3.109	4.29E+00
3.11	4.32E+00
3.111	4.34E+00
3.112	4.37E+00
3.113	4.39E+00
3.114	4.42E+00
3.115	4.44E+00
3.116	4.47E+00
3.117	4.49E+00
3.118	4.52E+00
3.119	4.55E+00
3.12	4.57E+00
3.121	4.60E+00
3.122	4.63E+00
3.123	4.66E+00
3.124	4.69E+00
3.125	4.71E+00
3.126	4.74E+00
3.127	4.77E+00
3.128	4.80E+00
3.129	4.83E+00
3.13	4.86E+00
3.131	4.89E+00
3.132	4.92E+00
3.133	4.95E+00
3.134	4.98E+00
3.135	5.01E+00
3.136	5.04E+00
3.137	5.07E+00
3.138	5.10E+00
3.139	5.14E+00
3.14	5.17E+00
3.141	5.20E+00
3.142	5.23E+00
3.143	5.27E+00
3.144	5.30E+00
3.145	5.33E+00
3.146	5.37E+00
3.147	5.40E+00
3.148	5.44E+00
3.149	5.47E+00
3.15	5.51E+00
3.151	5.54E+00
3.152	5.58E+00
3.153	5.62E+00
3.154	5.65E+00
3.155	5.69E+00
3.156	5.73E+00
3.157	5.76E+00
3.158	5.80E+00
3.159	5.84E+00
3.16	5.88E+00
3.161	5.92E+00
3.162	5.95E+00
3.163	5.99E+00
3.164	6.03E+00
3.165	6.07E+00
3.166	6.11E+00
3.167	6.16E+00
3.168	6.20E+00
3.169	6.24E+00
3.17	6.28E+00
3.171	6.32E+00
3.172	6.37E+00
3.173	6.41E+00
3.174	6.45E+00
3.175	6.50E+00
3.176	6.54E+00
3.177	6.59E+00
3.178	6.63E+00
3.179	6.68E+00
3.18	6.72E+00
3.181	6.77E+00
3.182	6.82E+00
3.183	6.87E+00
3.184	6.92E+00
3.185	6.97E+00
3.186	7.02E+00
3.187	7.07E+00
3.188	7.12E+00
3.189	7.17E+00
3.19	7.22E+00
3.191	7.27E+00
3.192	7.33E+00
3.193	7.38E+00
3.194	7.44E+00
3.195	7.49E+00
3.196	7.55E+00
3.197	7.61E+00
3.198	7.66E+00
3.199	7.72E+00
3.2	7.78E+00
3.201	7.84E+00
3.202	7.90E+00
3.203	7.97E+00
3.204	8.03E+00
3.205	8.09E+00
3.206	8.16E+00
3.207	8.23E+00
3.208	8.29E+00
3.209	8.36E+00
3.21	8.43E+00
3.211	8.50E+00
3.212	8.57E+00
3.213	8.64E+00
3.214	8.72E+00
3.215	8.79E+00
3.216	8.87E+00
3.217	8.95E+00
3.218	9.03E+00
3.219	9.11E+00
3.22	9.19E+00
3.221	9.27E+00
3.222	9.36E+00
3.223	9.44E+00
3.224	9.53E+00
3.225	9.62E+00
3.226	9.71E+00
3.227	9.80E+00
3.228	9.90E+00
3.229	9.99E+00
3.23	1.01E+01
3.231	1.02E+01
3.232	1.03E+01
3.233	1.04E+01
3.234	1.05E+01
3.235	1.06E+01
3.236	1.07E+01
3.237	1.08E+01
3.238	1.09E+01
3.239	1.11E+01
3.24	1.12E+01
3.241	1.13E+01
3.242	1.14E+01
3.243	1.15E+01
3.244	1.17E+01
3.245	1.18E+01
3.246	1.19E+01
3.247	1.21E+01
3.248	1.22E+01
3.249	1.24E+01
3.25	1.25E+01
3.251	1.26E+01
3.252	1.28E+01
3.253	1.29E+01
3.254	1.31E+01
3.255	1.33E+01
3.256	1.34E+01
3.257	1.36E+01
3.258	1.38E+01
3.259	1.39E+01
3.26	1.41E+01
3.261	1.43E+01
3.262	1.45E+01
3.263	1.47E+01
3.264	1.49E+01
3.265	1.51E+01
3.266	1.53E+01
3.267	1.55E+01
3.268	1.57E+01
3.269	1.59E+01
3.27	1.61E+01
3.271	1.63E+01
3.272	1.65E+01
3.273	1.68E+01
3.274	1.70E+01
3.275	1.73E+01
3.276	1.75E+01
3.277	1.78E+01
3.278	1.80E+01
3.279	1.83E+01
3.28	1.86E+01
3.281	1.88E+01
3.282	1.91E+01
3.283	1.94E+01
3.284	1.97E+01
3.285	2.00E+01
3.286	2.03E+01
3.287	2.06E+01
3.288	2.09E+01
3.289	2.13E+01
3.29	2.16E+01
3.291	2.19E+01
3.292	2.23E+01
3.293	2.26E+01
3.294	2.30E+01
3.295	2.34E+01
3.296	2.37E+01
3.297	2.41E+01
3.298	2.45E+01
3.299	2.49E+01
3.3	2.53E+01
3.301	2.57E+01
3.302	2.61E+01
3.303	2.66E+01
3.304	2.70E+01
3.305	2.74E+01
3.306	2.79E+01
3.307	2.84E+01
3.308	2.88E+01
3.309	2.93E+01
3.31	2.98E+01
3.311	3.02E+01
3.312	3.07E+01
3.313	3.12E+01
3.314	3.17E+01
3.315	3.23E+01
3.316	3.28E+01
3.317	3.33E+01
3.318	3.38E+01
3.319	3.44E+01
3.32	3.49E+01
3.321	3.54E+01
3.322	3.60E+01
3.323	3.65E+01
3.324	3.71E+01
3.325	3.76E+01
3.326	3.82E+01
3.327	3.87E+01
3.328	3.93E+01
3.329	3.98E+01
3.33	4.04E+01
3.331	4.09E+01
3.332	4.15E+01
3.333	4.20E+01
3.334	4.25E+01
3.335	4.30E+01
3.336	4.36E+01
3.337	4.41E+01
3.338	4.46E+01
3.339	4.50E+01
3.34	4.55E+01
3.341	4.60E+01
3.342	4.64E+01
3.343	4.69E+01
3.344	4.73E+01
3.345	4.77E+01
3.346	4.80E+01
3.347	4.84E+01
3.348	4.88E+01
3.349	4.91E+01
3.35	4.94E+01
3.351	4.96E+01
3.352	4.99E+01
3.353	5.01E+01
3.354	5.03E+01
3.355	5.05E+01
3.356	5.07E+01
3.357	5.08E+01
3.358	5.09E+01
3.359	5.10E+01
3.36	5.10E+01
3.361	5.11E+01
3.362	5.11E+01
3.363	5.10E+01
3.364	5.10E+01
3.365	5.09E+01
3.366	5.08E+01
3.367	5.07E+01
3.368	5.06E+01
3.369	5.04E+01
3.37	5.03E+01
3.371	5.01E+01
3.372	4.98E+01
3.373	4.96E+01
3.374	4.94E+01
3.375	4.91E+01
3.376	4.88E+01
3.377	4.85E+01
3.378	4.82E+01
3.379	4.79E+01
3.38	4.76E+01
3.381	4.72E+01
3.382	4.69E+01
3.383	4.65E+01
3.384	4.61E+01
3.385	4.58E+01
3.386	4.54E+01
3.387	4.50E+01
3.388	4.46E+01
3.389	4.43E+01
3.39	4.39E+01
3.391	4.35E+01
3.392	4.31E+01
3.393	4.27E+01
3.394	4.23E+01
3.395	4.19E+01
3.396	4.16E+01
3.397	4.12E+01
3.398	4.08E+01
3.399	4.05E+01
3.4	4.01E+01
3.401	3.97E+01
3.402	3.94E+01
3.403	3.90E+01
3.404	3.87E+01
3.405	3.84E+01
3.406	3.80E+01
3.407	3.77E+01
3.408	3.74E+01
3.409	3.71E+01
3.41	3.68E+01
3.411	3.65E+01
3.412	3.62E+01
3.413	3.60E+01
3.414	3.57E+01
3.415	3.55E+01
3.416	3.52E+01
3.417	3.50E+01
3.418	3.48E+01
3.419	3.46E+01
3.42	3.44E+01
3.421	3.42E+01
3.422	3.40E+01
3.423	3.38E+01
3.424	3.37E+01
3.425	3.35E+01
3.426	3.34E+01
3.427	3.33E+01
3.428	3.32E+01
3.429	3.31E+01
3.43	3.30E+01
3.431	3.30E+01
3.432	3.29E+01
3.433	3.29E+01
3.434	3.28E+01
3.435	3.28E+01
3.436	3.28E+01
3.437	3.28E+01
3.438	3.28E+01
3.439	3.28E+01
3.44	3.28E+01
3.441	3.29E+01
3.442	3.29E+01
3.443	3.29E+01
3.444	3.30E+01
3.445	3.30E+01
3.446	3.30E+01
3.447	3.30E+01
3.448	3.31E+01
3.449	3.30E+01
3.45	3.30E+01
3.451	3.30E+01
3.452	3.29E+01
3.453	3.29E+01
3.454	3.28E+01
3.455	3.27E+01
3.456	3.25E+01
3.457	3.24E+01
3.458	3.23E+01
3.459	3.21E+01
3.46	3.19E+01
3.461	3.17E+01
3.462	3.15E+01
3.463	3.13E+01
3.464	3.11E+01
3.465	3.09E+01
3.466	3.07E+01
3.467	3.05E+01
3.468	3.03E+01
3.469	3.01E+01
3.47	2.99E+01
3.471	2.97E+01
3.472	2.95E+01
3.473	2.93E+01
3.474	2.92E+01
3.475	2.90E+01
3.476	2.89E+01
3.477	2.87E+01
3.478	2.86E+01
3.479	2.85E+01
3.48	2.84E+01
3.481	2.83E+01
3.482	2.82E+01
3.483	2.81E+01
3.484	2.80E+01
3.485	2.80E+01
3.486	2.79E+01
3.487	2.79E+01
3.488	2.78E+01
3.489	2.78E+01
3.49	2.78E+01
3.491	2.78E+01
3.492	2.78E+01
3.493	2.78E+01
3.494	2.78E+01
3.495	2.78E+01
3.496	2.78E+01
3.497	2.78E+01
3.498	2.79E+01
3.499	2.79E+01
3.5	2.79E+01
3.501	2.80E+01
3.502	2.81E+01
3.503	2.81E+01
3.504	2.82E+01
3.505	2.83E+01
3.506	2.83E+01
3.507	2.84E+01
3.508	2.85E+01
3.509	2.86E+01
3.51	2.87E+01
3.511	2.88E+01
3.512	2.89E+01
3.513	2.91E+01
3.514	2.92E+01
3.515	2.93E+01
3.516	2.94E+01
3.517	2.96E+01
3.518	2.97E+01
3.519	2.99E+01
3.52	3.00E+01
3.521	3.02E+01
3.522	3.03E+01
3.523	3.05E+01
3.524	3.07E+01
3.525	3.09E+01
3.526	3.10E+01
3.527	3.12E+01
3.528	3.14E+01
3.529	3.16E+01
3.53	3.18E+01
3.531	3.20E+01
3.532	3.22E+01
3.533	3.24E+01
3.534	3.26E+01
3.535	3.29E+01
3.536	3.31E+01
3.537	3.33E+01
3.538	3.36E+01
3.539	3.38E+01
3.54	3.40E+01
3.541	3.43E+01
3.542	3.45E+01
3.543	3.48E+01
3.544	3.50E+01
3.545	3.53E+01
3.546	3.56E+01
3.547	3.58E+01
3.548	3.61E+01
3.549	3.64E+01
3.55	3.67E+01
3.551	3.69E+01
3.552	3.72E+01
3.553	3.75E+01
3.554	3.78E+01
3.555	3.81E+01
3.556	3.84E+01
3.557	3.87E+01
3.558	3.90E+01
3.559	3.93E+01
3.56	3.96E+01
3.561	3.99E+01
3.562	4.02E+01
3.563	4.05E+01
3.564	4.08E+01
3.565	4.11E+01
3.566	4.14E+01
3.567	4.17E+01
3.568	4.21E+01
3.569	4.24E+01
3.57	4.27E+01
3.571	4.30E+01
3.572	4.33E+01
3.573	4.36E+01
3.574	4.39E+01
3.575	4.42E+01
3.576	4.45E+01
3.577	4.48E+01
3.578	4.51E+01
3.579	4.54E+01
3.58	4.57E+01
3.581	4.60E+01
3.582	4.63E+01
3.583	4.65E+01
3.584	4.68E+01
3.585	4.71E+01
3.586	4.73E+01
3.587	4.76E+01
3.588	4.79E+01
3.589	4.81E+01
3.59	4.84E+01
3.591	4.86E+01
3.592	4.88E+01
3.593	4.90E+01
3.594	4.93E+01
3.595	4.95E+01
3.596	4.97E+01
3.597	4.99E+01
3.598	5.01E+01
3.599	5.02E+01
3.6	5.04E+01
3.601	5.06E+01
3.602	5.07E+01
3.603	5.09E+01
3.604	5.10E+01
3.605	5.11E+01
3.606	5.12E+01
3.607	5.14E+01
3.608	5.15E+01
3.609	5.15E+01
3.61	5.16E+01
3.611	5.17E+01
3.612	5.18E+01
3.613	5.18E+01
3.614	5.19E+01
3.615	5.19E+01
3.616	5.20E+01
3.617	5.20E+01
3.618	5.20E+01
3.619	5.20E+01
3.62	5.20E+01
3.621	5.20E+01
3.622	5.20E+01
3.623	5.20E+01
3.624	5.19E+01
3.625	5.19E+01
3.626	5.19E+01
3.627	5.18E+01
3.628	5.18E+01
3.629	5.17E+01
3.63	5.17E+01
3.631	5.16E+01
3.632	5.15E+01
3.633	5.14E+01
3.634	5.14E+01
3.635	5.13E+01
3.636	5.12E+01
3.637	5.11E+01
3.638	5.10E+01
3.639	5.09E+01
3.64	5.08E+01
3.641	5.07E+01
3.642	5.06E+01
3.643	5.05E+01
3.644	5.04E+01
3.645	5.03E+01
3.646	5.02E+01
3.647	5.01E+01
3.648	5.00E+01
3.649	4.99E+01
3.65	4.98E+01
3.651	4.97E+01
3.652	4.96E+01
3.653	4.95E+01
3.654	4.95E+01
3.655	4.94E+01
3.656	4.93E+01
3.657	4.92E+01
3.658	4.91E+01
3.659	4.90E+01
3.66	4.90E+01
3.661	4.89E+01
3.662	4.88E+01
3.663	4.88E+01
3.664	4.87E+01
3.665	4.86E+01
3.666	4.86E+01
3.667	4.85E+01
3.668	4.85E+01
3.669	4.85E+01
3.67	4.84E+01
3.671	4.84E+01
3.672	4.84E+01
3.673	4.84E+01
3.674	4.84E+01
3.675	4.84E+01
3.676	4.84E+01
3.677	4.84E+01
3.678	4.84E+01
3.679	4.84E+01
3.68	4.85E+01
3.681	4.85E+01
3.682	4.86E+01
3.683	4.86E+01
3.684	4.87E+01
3.685	4.87E+01
3.686	4.88E+01
3.687	4.89E+01
3.688	4.90E+01
3.689	4.91E+01
3.69	4.92E+01
3.691	4.93E+01
3.692	4.94E+01
3.693	4.96E+01
3.694	4.97E+01
3.695	4.99E+01
3.696	5.00E+01
3.697	5.02E+01
3.698	5.04E+01
3.699	5.06E+01
3.7	5.07E+01
3.701	5.10E+01
3.702	5.12E+01
3.703	5.14E+01
3.704	5.16E+01
3.705	5.19E+01
3.706	5.21E+01
3.707	5.24E+01
3.708	5.27E+01
3.709	5.29E+01
3.71	5.32E+01
3.711	5.35E+01
3.712	5.38E+01
3.713	5.42E+01
3.714	5.45E+01
3.715	5.48E+01
3.716	5.52E+01
3.717	5.56E+01
3.718	5.59E+01
3.719	5.63E+01
3.72	5.67E+01
3.721	5.71E+01
3.722	5.75E+01
3.723	5.80E+01
3.724	5.84E+01
3.725	5.88E+01
3.726	5.93E+01
3.727	5.97E+01
3.728	6.02E+01
3.729	6.07E+01
3.73	6.12E+01
3.731	6.17E+01
3.732	6.22E+01
3.733	6.27E+01
3.734	6.32E+01
3.735	6.37E+01
3.736	6.43E+01
3.737	6.48E+01
3.738	6.53E+01
3.739	6.59E+01
3.74	6.64E+01
3.741	6.70E+01
3.742	6.76E+01
3.743	6.81E+01
3.744	6.87E+01
3.745	6.93E+01
3.746	6.98E+01
3.747	7.04E+01
3.748	7.10E+01
3.749	7.15E+01
3.75	7.21E+01
3.751	7.27E+01
3.752	7.32E+01
3.753	7.38E+01
3.754	7.43E+01
3.755	7.49E+01
3.756	7.54E+01
3.757	7.59E+01
3.758	7.65E+01
3.759	7.70E+01
3.76	7.75E+01
3.761	7.80E+01
3.762	7.85E+01
3.763	7.89E+01
3.764	7.94E+01
3.765	7.99E+01
3.766	8.03E+01
3.767	8.07E+01
3.768	8.11E+01
3.769	8.15E+01
3.77	8.19E+01
3.771	8.23E+01
3.772	8.27E+01
3.773	8.30E+01
3.774	8.33E+01
3.775	8.37E+01
3.776	8.40E+01
3.777	8.43E+01
3.778	8.46E+01
3.779	8.48E+01
3.78	8.51E+01
3.781	8.54E+01
3.782	8.56E+01
3.783	8.59E+01
3.784	8.61E+01
3.785	8.63E+01
3.786	8.65E+01
3.787	8.68E+01
3.788	8.70E+01
3.789	8.72E+01
3.79	8.74E+01
3.791	8.76E+01
3.792	8.78E+01
3.793	8.80E+01
3.794	8.83E+01
3.795	8.85E+01
3.796	8.87E+01
3.797	8.90E+01
3.798	8.92E+01
3.799	8.95E+01
3.8	8.97E+01
3.801	9.00E+01
3.802	9.03E+01
3.803	9.06E+01
3.804	9.09E+01
3.805	9.12E+01
3.806	9.16E+01
3.807	9.19E+01
3.808	9.23E+01
3.809	9.27E+01
3.81	9.31E+01
3.811	9.35E+01
3.812	9.40E+01
3.813	9.45E+01
3.814	9.50E+01
3.815	9.55E+01
3.816	9.60E+01
3.817	9.66E+01
3.818	9.71E+01
3.819	9.77E+01
3.82	9.83E+01
3.821	9.90E+01
3.822	9.96E+01
3.823	1.00E+02
3.824	1.01E+02
3.825	1.02E+02
3.826	1.02E+02
3.827	1.03E+02
3.828	1.04E+02
3.829	1.05E+02
3.83	1.06E+02
3.831	1.06E+02
3.832	1.07E+02
3.833	1.08E+02
3.834	1.09E+02
3.835	1.10E+02
3.836	1.11E+02
3.837	1.11E+02
3.838	1.12E+02
3.839	1.13E+02
3.84	1.14E+02
3.841	1.15E+02
3.842	1.16E+02
3.843	1.16E+02
3.844	1.17E+02
3.845	1.18E+02
3.846	1.19E+02
3.847	1.19E+02
3.848	1.20E+02
3.849	1.21E+02
3.85	1.21E+02
3.851	1.22E+02
3.852	1.22E+02
3.853	1.23E+02
3.854	1.23E+02
3.855	1.24E+02
3.856	1.24E+02
3.857	1.24E+02
3.858	1.25E+02
3.859	1.25E+02
3.86	1.25E+02
3.861	1.25E+02
3.862	1.25E+02
3.863	1.25E+02
3.864	1.25E+02
3.865	1.25E+02
3.866	1.24E+02
3.867	1.24E+02
3.868	1.24E+02
3.869	1.23E+02
3.87	1.23E+02
3.871	1.22E+02
3.872	1.22E+02
3.873	1.21E+02
3.874	1.21E+02
3.875	1.20E+02
3.876	1.19E+02
3.877	1.19E+02
3.878	1.18E+02
3.879	1.17E+02
3.88	1.16E+02
3.881	1.16E+02
3.882	1.15E+02
3.883	1.14E+02
3.884	1.13E+02
3.885	1.12E+02
3.886	1.11E+02
3.887	1.10E+02
3.888	1.10E+02
3.889	1.09E+02
3.89	1.08E+02
3.891	1.07E+02
3.892	1.06E+02
3.893	1.05E+02
3.894	1.04E+02
3.895	1.03E+02
3.896	1.03E+02
3.897	1.02E+02
3.898	1.01E+02
3.899	1.00E+02
3.9	9.94E+01
3.901	9.86E+01
3.902	9.79E+01
3.903	9.71E+01
3.904	9.64E+01
3.905	9.57E+01
3.906	9.50E+01
3.907	9.44E+01
3.908	9.37E+01
3.909	9.31E+01
3.91	9.25E+01
3.911	9.19E+01
3.912	9.14E+01
3.913	9.08E+01
3.914	9.03E+01
3.915	8.98E+01
3.916	8.93E+01
3.917	8.89E+01
3.918	8.84E+01
3.919	8.80E+01
3.92	8.76E+01
3.921	8.72E+01
3.922	8.68E+01
3.923	8.65E+01
3.924	8.61E+01
3.925	8.58E+01
3.926	8.55E+01
3.927	8.53E+01
3.928	8.50E+01
3.929	8.47E+01
3.93	8.45E+01
3.931	8.43E+01
3.932	8.41E+01
3.933	8.39E+01
3.934	8.38E+01
3.935	8.36E+01
3.936	8.35E+01
3.937	8.34E+01
3.938	8.33E+01
3.939	8.32E+01
3.94	8.31E+01
3.941	8.31E+01
3.942	8.30E+01
3.943	8.30E+01
3.944	8.30E+01
3.945	8.30E+01
3.946	8.30E+01
3.947	8.30E+01
3.948	8.30E+01
3.949	8.31E+01
3.95	8.31E+01
3.951	8.32E+01
3.952	8.33E+01
3.953	8.34E+01
3.954	8.35E+01
3.955	8.36E+01
3.956	8.37E+01
3.957	8.39E+01
3.958	8.40E+01
3.959	8.42E+01
3.96	8.43E+01
3.961	8.45E+01
3.962	8.47E+01
3.963	8.49E+01
3.964	8.51E+01
3.965	8.53E+01
3.966	8.55E+01
3.967	8.58E+01
3.968	8.60E+01
3.969	8.62E+01
3.97	8.65E+01
3.971	8.68E+01
3.972	8.70E+01
3.973	8.73E+01
3.974	8.76E+01
3.975	8.79E+01
3.976	8.82E+01
3.977	8.85E+01
3.978	8.88E+01
3.979	8.91E+01
3.98	8.94E+01
3.981	8.97E+01
3.982	9.01E+01
3.983	9.04E+01
3.984	9.07E+01
3.985	9.11E+01
3.986	9.14E+01
3.987	9.18E+01
3.988	9.22E+01
3.989	9.25E+01
3.99	9.29E+01
3.991	9.33E+01
3.992	9.36E+01
3.993	9.40E+01
3.994	9.44E+01
3.995	9.47E+01
3.996	9.51E+01
3.997	9.55E+01
3.998	9.59E+01
3.999	9.63E+01
4.000	9.67E+01